1 0.464 0.26656626506024095 0.072 0.4246987951807229
1 0.278 0.6189759036144579 0.084 0.32831325301204817
1 0.294 0.3433734939759036 0.068 0.18674698795180722
1 0.357 0.3433734939759036 0.054 0.1927710843373494
1 0.47 0.6460843373493976 0.076 0.4066265060240964
1 0.52 0.7409638554216867 0.06 0.2289156626506024
1 0.608 0.572289156626506 0.136 0.2891566265060241
1 0.719 0.23343373493975902 0.098 0.2560240963855422
1 0.898 0.1822289156626506 0.084 0.34036144578313254
1 0.966 0.4924698795180723 0.052 0.35240963855421686
