1 0.267 0.5948795180722891 0.058 0.21987951807228914
1 0.482 0.7259036144578314 0.04 0.12650602409638553
1 0.602 0.47740963855421686 0.028 0.09939759036144578
1 0.615 0.5783132530120482 0.086 0.12650602409638553
1 0.777 0.25903614457831325 0.046 0.15060240963855423
1 0.905 0.20933734939759036 0.074 0.1355421686746988
1 0.937 0.8072289156626506 0.07 0.23493975903614459
1 0.83 0.8102409638554217 0.06 0.14457831325301204
1 0.569 0.9051204819277109 0.066 0.1355421686746988
1 0.307 0.9141566265060241 0.062 0.1716867469879518
