1 0.136 0.44126506024096385 0.104 0.21987951807228914
1 0.248 0.7304216867469879 0.04 0.14156626506024098
1 0.341 0.6987951807228916 0.046 0.15060240963855423
1 0.417 0.6280120481927711 0.066 0.22590361445783133
1 0.565 0.5662650602409639 0.086 0.2469879518072289
1 0.579 0.5617469879518072 0.058 0.24397590361445784
1 0.631 0.6822289156626506 0.046 0.14156626506024098
1 0.686 0.4307228915662651 0.172 0.08433734939759036
1 0.678 0.5542168674698795 0.08 0.13253012048192772
1 0.706 0.2545180722891566 0.044 0.20783132530120482
