1 0.118 0.4864457831325301 0.084 0.31626506024096385
1 0.299 0.7515060240963856 0.186 0.2740963855421687
1 0.339 0.6009036144578314 0.186 0.12349397590361445
1 0.377 0.3117469879518072 0.07 0.28012048192771083
1 0.478 0.4608433734939759 0.076 0.3192771084337349
1 0.529 0.6189759036144579 0.15 0.19578313253012047
1 0.564 0.10090361445783133 0.092 0.14759036144578314
1 0.719 0.5692771084337349 0.054 0.21084337349397592
1 0.772 0.6159638554216867 0.044 0.18373493975903615
1 0.808 0.6189759036144579 0.056 0.1536144578313253
