1 0.788 0.6099397590361446 0.056 0.20180722891566266
1 0.342 0.4563253012048193 0.044 0.1897590361445783
1 0.078 0.5768072289156626 0.072 0.1355421686746988
1 0.031 0.6295180722891566 0.05 0.12650602409638553
1 0.392 0.7123493975903614 0.076 0.15963855421686746
1 0.459 0.8900602409638554 0.042 0.14759036144578314
1 0.884 0.8343373493975904 0.044 0.18674698795180722
1 0.39 0.3057228915662651 0.06 0.16566265060240964
1 0.741 0.07228915662650602 0.066 0.12650602409638553
1 0.833 0.06927710843373494 0.046 0.12650602409638553
