1 0.363 0.608433734939759 0.098 0.1746987951807229
1 0.314 0.33433734939759036 0.044 0.19879518072289157
1 0.348 0.11144578313253012 0.04 0.08433734939759036
1 0.37 0.18072289156626506 0.068 0.1144578313253012
1 0.361 0.39156626506024095 0.054 0.13253012048192772
1 0.359 0.6009036144578314 0.098 0.17771084337349397
1 0.44 0.7981927710843374 0.044 0.1566265060240964
1 0.413 0.9397590361445783 0.054 0.10240963855421686
1 0.793 0.48493975903614456 0.054 0.20481927710843373
1 0.905 0.7289156626506024 0.038 0.1746987951807229
