1 0.221 0.14457831325301204 0.086 0.28313253012048195
1 0.35 0.3072289156626506 0.088 0.39156626506024095
1 0.308 0.6521084337349398 0.076 0.2921686746987952
1 0.233 0.6686746987951807 0.07 0.28313253012048195
1 0.217 0.8207831325301205 0.074 0.286144578313253
1 0.63 0.2575301204819277 0.056 0.2620481927710843
1 0.723 0.588855421686747 0.074 0.47289156626506024
1 0.787 0.3644578313253012 0.062 0.20481927710843373
1 0.831 0.5090361445783133 0.046 0.3855421686746988
1 0.943 0.6716867469879518 0.058 0.16265060240963855
