1 0.015 0.25903614457831325 0.026 0.13855421686746988
1 0.028 0.40963855421686746 0.052 0.14457831325301204
1 0.098 0.4623493975903614 0.048 0.12349397590361445
1 0.319 0.3117469879518072 0.07 0.21385542168674698
1 0.397 0.6822289156626506 0.086 0.24397590361445784
1 0.559 0.4563253012048193 0.074 0.25
1 0.64 0.7771084337349398 0.052 0.13253012048192772
1 0.865 0.9231927710843374 0.074 0.1536144578313253
1 0.978 0.8825301204819277 0.04 0.18674698795180722
1 0.136 0.6114457831325302 0.064 0.0783132530120482
