1 0.161 0.7545180722891566 0.098 0.2319277108433735
1 0.234 0.7575301204819277 0.072 0.24397590361445784
1 0.281 0.3313253012048193 0.066 0.23493975903614459
1 0.412 0.11144578313253012 0.064 0.21084337349397592
1 0.516 0.23644578313253012 0.072 0.28012048192771083
1 0.65 0.3674698795180723 0.076 0.15060240963855423
1 0.842 0.34789156626506024 0.06 0.1355421686746988
1 0.721 0.7349397590361446 0.082 0.20481927710843373
1 0.781 0.8870481927710844 0.094 0.22590361445783133
1 0.562 0.6957831325301205 0.072 0.2710843373493976
1 0.945 0.9563253012048193 0.062 0.08734939759036145
1 0.472 0.24548192771084337 0.08 0.1897590361445783
