1 0.131 0.33433734939759036 0.122 0.3253012048192771
1 0.331 0.338855421686747 0.086 0.25
1 0.342 0.4759036144578313 0.096 0.14457831325301204
1 0.425 0.5481927710843374 0.11 0.2891566265060241
1 0.329 0.7228915662650602 0.058 0.19879518072289157
1 0.682 0.8147590361445783 0.068 0.17771084337349397
1 0.652 0.6762048192771084 0.068 0.20180722891566266
1 0.602 0.6581325301204819 0.056 0.14156626506024098
1 0.819 0.6792168674698795 0.098 0.3042168674698795
1 0.699 0.23343373493975902 0.162 0.21987951807228914
1 0.843 0.1746987951807229 0.066 0.15060240963855423
1 0.894 0.338855421686747 0.06 0.08734939759036145
1 0.97 0.2680722891566265 0.06 0.24096385542168675
1 0.947 0.4954819277108434 0.082 0.1716867469879518
