1 0.167 0.20783132530120482 0.19 0.25903614457831325
1 0.377 0.11897590361445783 0.094 0.21385542168674698
1 0.44 0.27259036144578314 0.076 0.11144578313253012
1 0.564 0.2213855421686747 0.084 0.32831325301204817
1 0.371 0.6656626506024096 0.122 0.30120481927710846
1 0.234 0.8554216867469879 0.088 0.21686746987951808
1 0.174 0.6656626506024096 0.092 0.25301204819277107
1 0.118 0.6340361445783133 0.068 0.1897590361445783
1 0.809 0.6340361445783133 0.102 0.2620481927710843
1 0.914 0.4879518072289157 0.052 0.1927710843373494
1 0.957 0.6099397590361446 0.054 0.17771084337349397
1 0.431 0.6897590361445783 0.062 0.23493975903614459
1 0.552 0.3960843373493976 0.108 0.25
