1 0.102 0.7951807228915663 0.12 0.3253012048192771
1 0.139 0.5210843373493976 0.066 0.10240963855421686
1 0.233 0.6822289156626506 0.134 0.2680722891566265
1 0.337 0.7575301204819277 0.07 0.32228915662650603
1 0.633 0.2680722891566265 0.066 0.22289156626506024
1 0.745 0.21536144578313254 0.114 0.32228915662650603
1 0.653 0.15060240963855423 0.106 0.14457831325301204
1 0.626 0.5 0.076 0.19879518072289157
1 0.736 0.5542168674698795 0.076 0.20481927710843373
1 0.684 0.6927710843373494 0.072 0.29518072289156627
