1 0.208 0.6596385542168675 0.076 0.2469879518072289
1 0.302 0.5542168674698795 0.056 0.26506024096385544
1 0.398 0.7183734939759037 0.048 0.25
1 0.51 0.8147590361445783 0.08 0.1897590361445783
1 0.449 0.9156626506024096 0.082 0.08433734939759036
1 0.421 0.2469879518072289 0.054 0.15060240963855423
1 0.516 0.38403614457831325 0.104 0.31626506024096385
1 0.555 0.1536144578313253 0.058 0.12048192771084337
1 0.629 0.32981927710843373 0.082 0.28012048192771083
1 0.805 0.2921686746987952 0.13 0.27710843373493976
1 0.964 0.46536144578313254 0.056 0.19578313253012047
