1 0.096 0.4141566265060241 0.052 0.19578313253012047
1 0.155 0.2891566265060241 0.09 0.16265060240963855
1 0.19 0.552710843373494 0.072 0.20783132530120482
1 0.342 0.37650602409638556 0.048 0.1927710843373494
1 0.472 0.33433734939759036 0.056 0.09036144578313253
1 0.788 0.5135542168674698 0.056 0.12349397590361445
1 0.896 0.3674698795180723 0.044 0.060240963855421686
1 0.518 0.8132530120481928 0.04 0.16265060240963855
1 0.555 0.7921686746987951 0.054 0.16265060240963855
1 0.63 0.6912650602409639 0.064 0.08734939759036145
1 0.64 0.9231927710843374 0.036 0.11746987951807229
