1 0.431 0.23042168674698796 0.042 0.20180722891566266
1 0.311 0.4939759036144578 0.13 0.12048192771084337
1 0.118 0.661144578313253 0.048 0.1716867469879518
1 0.409 0.8433734939759037 0.118 0.1746987951807229
1 0.386 0.7048192771084337 0.052 0.12650602409638553
1 0.636 0.8554216867469879 0.064 0.21084337349397592
1 0.721 0.9503012048192772 0.066 0.07530120481927711
1 0.872 0.8448795180722891 0.064 0.17771084337349397
1 0.948 0.6506024096385542 0.1 0.3253012048192771
1 0.976 0.802710843373494 0.048 0.15963855421686746
