1 0.584 0.26656626506024095 0.06 0.2319277108433735
1 0.536 0.10542168674698796 0.044 0.09036144578313253
1 0.513 0.37801204819277107 0.054 0.06325301204819277
1 0.42 0.3870481927710843 0.068 0.07530120481927711
1 0.41 0.2319277108433735 0.056 0.0963855421686747
1 0.292 0.14759036144578314 0.088 0.13855421686746988
1 0.303 0.4623493975903614 0.054 0.14759036144578314
1 0.211 0.3960843373493976 0.058 0.1716867469879518
1 0.361 0.802710843373494 0.078 0.23795180722891565
1 0.746 0.8403614457831325 0.08 0.24096385542168675
