1 0.2 0.5542168674698795 0.064 0.1566265060240964
1 0.281 0.23644578313253012 0.074 0.21987951807228914
1 0.264 0.32981927710843373 0.084 0.12951807228915663
1 0.372 0.10692771084337349 0.052 0.06325301204819277
1 0.416 0.17771084337349397 0.052 0.24096385542168675
1 0.46 0.060240963855421686 0.064 0.060240963855421686
1 0.483 0.44728915662650603 0.082 0.14156626506024098
1 0.429 0.7756024096385542 0.094 0.3704819277108434
1 0.651 0.26506024096385544 0.054 0.13253012048192772
1 0.596 0.7123493975903614 0.092 0.2740963855421687
1 0.892 0.8614457831325302 0.068 0.2469879518072289
1 0.811 0.3855421686746988 0.078 0.1144578313253012
