1 0.517 0.1430722891566265 0.03 0.14759036144578314
1 0.565 0.5015060240963856 0.11 0.12349397590361445
1 0.465 0.5798192771084337 0.034 0.1716867469879518
1 0.486 0.3825301204819277 0.052 0.07228915662650602
1 0.407 0.4367469879518072 0.038 0.13253012048192772
1 0.353 0.8268072289156626 0.046 0.21385542168674698
1 0.47 0.7469879518072289 0.048 0.1927710843373494
1 0.579 0.7620481927710844 0.05 0.18674698795180722
1 0.664 0.8629518072289156 0.128 0.09337349397590361
1 0.963 0.516566265060241 0.038 0.15963855421686746
1 0.176 0.3102409638554217 0.112 0.06626506024096386
