0 0.2386968085106383 0.443 0.08111702127659574 0.102
0 0.2878989361702128 0.358 0.09175531914893617 0.092
0 0.2865691489361702 0.77 0.08111702127659574 0.12
0 0.3025265957446808 0.908 0.08643617021276596 0.08
0 0.4853723404255319 0.164 0.10372340425531915 0.16
0 0.4867021276595745 0.346 0.11702127659574468 0.144
0 0.5924202127659575 0.315 0.10505319148936171 0.166
0 0.6336436170212766 0.467 0.0678191489361702 0.162
0 0.7367021276595744 0.448 0.15691489361702127 0.208
0 0.7892287234042553 0.703 0.12898936170212766 0.29
0 0.6708776595744681 0.652 0.07313829787234043 0.12
