0 0.16888297872340424 0.719 0.07712765957446809 0.114
0 0.21742021276595744 0.51 0.13164893617021275 0.256
0 0.31183510638297873 0.36 0.11037234042553191 0.192
0 0.4853723404255319 0.41 0.05851063829787234 0.068
0 0.5944148936170213 0.552 0.09042553191489362 0.164
0 0.5724734042553191 0.806 0.11303191489361702 0.2
0 0.7726063829787234 0.758 0.05319148936170213 0.128
0 0.901595744680851 0.28 0.047872340425531915 0.096
0 0.9155585106382979 0.487 0.04654255319148936 0.086
0 0.7539893617021277 0.556 0.06914893617021277 0.136
0 0.7214095744680851 0.643 0.05452127659574468 0.11
