0 0.6170212765957447 0.317 0.06648936170212766 0.094
0 0.6861702127659575 0.294 0.061170212765957445 0.08
0 0.6961436170212766 0.381 0.03856382978723404 0.054
0 0.6070478723404256 0.545 0.04654255319148936 0.086
0 0.574468085106383 0.601 0.06648936170212766 0.078
0 0.449468085106383 0.627 0.047872340425531915 0.058
0 0.45611702127659576 0.436 0.03723404255319149 0.032
0 0.08909574468085106 0.523 0.047872340425531915 0.098
0 0.14694148936170212 0.523 0.07313829787234043 0.102
0 0.2293882978723404 0.582 0.0625 0.076
0 0.24468085106382978 0.686 0.06382978723404255 0.12
