1 0.098 0.4382530120481928 0.092 0.2560240963855422
1 0.231 0.46686746987951805 0.054 0.18072289156626506
1 0.391 0.31626506024096385 0.074 0.37349397590361444
1 0.387 0.49096385542168675 0.082 0.13855421686746988
1 0.503 0.2620481927710843 0.102 0.3072289156626506
1 0.525 0.4382530120481928 0.094 0.18373493975903615
1 0.27 0.766566265060241 0.148 0.32228915662650603
1 0.318 0.8283132530120482 0.108 0.21686746987951808
1 0.499 0.7259036144578314 0.034 0.21084337349397592
1 0.657 0.6897590361445783 0.142 0.27710843373493976
1 0.769 0.6340361445783133 0.078 0.21987951807228914
1 0.84 0.7003012048192772 0.044 0.19578313253012047
