1 0.15 0.3373493975903614 0.068 0.08433734939759036
1 0.023 0.6987951807228916 0.042 0.18072289156626506
1 0.156 0.6701807228915663 0.048 0.21385542168674698
1 0.216 0.44728915662650603 0.036 0.1355421686746988
1 0.489 0.40813253012048195 0.058 0.2620481927710843
1 0.687 0.7168674698795181 0.066 0.27710843373493976
1 0.741 0.5075301204819277 0.082 0.28012048192771083
1 0.769 0.7198795180722891 0.07 0.1144578313253012
1 0.849 0.7123493975903614 0.046 0.19578313253012047
1 0.9 0.677710843373494 0.052 0.13855421686746988
