1 0.133 0.42771084337349397 0.09 0.3192771084337349
1 0.344 0.3569277108433735 0.076 0.3102409638554217
1 0.448 0.5180722891566265 0.068 0.3253012048192771
1 0.579 0.3433734939759036 0.082 0.3072289156626506
1 0.641 0.20783132530120482 0.094 0.0963855421686747
1 0.675 0.3825301204819277 0.05 0.23493975903614459
1 0.783 0.4246987951807229 0.054 0.26506024096385544
1 0.179 0.8418674698795181 0.046 0.29819277108433734
1 0.247 0.8930722891566265 0.066 0.1355421686746988
1 0.781 0.8147590361445783 0.102 0.29819277108433734
1 0.682 0.6521084337349398 0.048 0.1355421686746988
