1 0.162 0.3885542168674699 0.04 0.13855421686746988
1 0.195 0.4367469879518072 0.09 0.1927710843373494
1 0.363 0.21385542168674698 0.15 0.08433734939759036
1 0.365 0.3870481927710843 0.038 0.2680722891566265
1 0.374 0.6581325301204819 0.056 0.12951807228915663
1 0.428 0.6792168674698795 0.048 0.2680722891566265
1 0.583 0.822289156626506 0.074 0.16265060240963855
1 0.7 0.37198795180722893 0.052 0.23795180722891565
1 0.755 0.463855421686747 0.118 0.30120481927710846
1 0.669 0.6400602409638554 0.042 0.22590361445783133
