1 0.019 0.4563253012048193 0.034 0.2921686746987952
1 0.208 0.7740963855421686 0.092 0.25903614457831325
1 0.29 0.6009036144578314 0.112 0.22590361445783133
1 0.477 0.17921686746987953 0.09 0.29819277108433734
1 0.434 0.375 0.092 0.25
1 0.522 0.536144578313253 0.056 0.1927710843373494
1 0.635 0.5858433734939759 0.078 0.20180722891566266
1 0.657 0.4457831325301205 0.066 0.12650602409638553
1 0.937 0.7379518072289156 0.078 0.2289156626506024
1 0.94 0.4713855421686747 0.04 0.14759036144578314
1 0.969 0.45933734939759036 0.05 0.25
