1 0.046 0.7183734939759037 0.08 0.15963855421686746
1 0.205 0.27259036144578314 0.09 0.2560240963855422
1 0.169 0.4683734939759036 0.078 0.2319277108433735
1 0.263 0.625 0.054 0.17771084337349397
1 0.372 0.6551204819277109 0.068 0.14759036144578314
1 0.39 0.5256024096385542 0.06 0.09939759036144578
1 0.663 0.8072289156626506 0.074 0.22289156626506024
1 0.655 0.5496987951807228 0.038 0.1355421686746988
1 0.7 0.5376506024096386 0.068 0.23795180722891565
1 0.816 0.3810240963855422 0.056 0.15963855421686746
1 0.913 0.4578313253012048 0.05 0.1144578313253012
1 0.717 0.6114457831325302 0.058 0.0963855421686747
