1 0.241 0.7771084337349398 0.086 0.26506024096385544
1 0.218 0.41566265060240964 0.044 0.18072289156626506
1 0.277 0.42018072289156627 0.086 0.29819277108433734
1 0.321 0.5195783132530121 0.078 0.12951807228915663
1 0.422 0.23644578313253012 0.06 0.25
1 0.486 0.32680722891566266 0.068 0.21987951807228914
1 0.553 0.4743975903614458 0.062 0.19578313253012047
1 0.606 0.3433734939759036 0.072 0.16265060240963855
1 0.741 0.31626506024096385 0.058 0.10240963855421686
1 0.84 0.23493975903614459 0.072 0.21686746987951808
