1 0.586 0.1566265060240964 0.06 0.23493975903614459
1 0.677 0.1355421686746988 0.054 0.25301204819277107
1 0.561 0.2936746987951807 0.07 0.12951807228915663
1 0.507 0.4246987951807229 0.086 0.18072289156626506
1 0.327 0.3328313253012048 0.114 0.17771084337349397
1 0.306 0.7048192771084337 0.092 0.2710843373493976
1 0.224 0.8298192771084337 0.152 0.1536144578313253
1 0.419 0.8147590361445783 0.066 0.21385542168674698
1 0.746 0.8945783132530121 0.076 0.1927710843373494
1 0.809 0.13403614457831325 0.05 0.12349397590361445
1 0.75 0.0963855421686747 0.052 0.09036144578313253
