1 0.105 0.3057228915662651 0.078 0.39457831325301207
1 0.179 0.4307228915662651 0.05 0.3614457831325301
1 0.264 0.8072289156626506 0.068 0.13855421686746988
1 0.377 0.7394578313253012 0.058 0.2560240963855422
1 0.6 0.3825301204819277 0.068 0.19879518072289157
1 0.598 0.6762048192771084 0.044 0.14156626506024098
1 0.755 0.5768072289156626 0.058 0.1536144578313253
1 0.86 0.48343373493975905 0.056 0.14156626506024098
1 0.879 0.40813253012048195 0.054 0.11144578313253012
1 0.83 0.1144578313253012 0.084 0.05421686746987952
1 0.804 0.15813253012048192 0.092 0.06325301204819277
1 0.973 0.18072289156626506 0.03 0.13253012048192772
