1 0.166 0.7515060240963856 0.068 0.2560240963855422
1 0.243 0.5978915662650602 0.09 0.1897590361445783
1 0.397 0.25150602409638556 0.082 0.25
1 0.426 0.5346385542168675 0.044 0.14156626506024098
1 0.504 0.5662650602409639 0.06 0.12650602409638553
1 0.54 0.463855421686747 0.072 0.09036144578313253
1 0.703 0.6686746987951807 0.058 0.16265060240963855
1 0.72 0.4743975903614458 0.032 0.09939759036144578
1 0.749 0.47289156626506024 0.058 0.19879518072289157
1 0.858 0.3629518072289157 0.048 0.11746987951807229
1 0.873 0.45180722891566266 0.07 0.2289156626506024
1 0.637 0.9608433734939759 0.054 0.05421686746987952
