1 0.243 0.3885542168674699 0.054 0.21084337349397592
1 0.308 0.463855421686747 0.044 0.2289156626506024
1 0.46 0.7409638554216867 0.08 0.24096385542168675
1 0.215 0.7364457831325302 0.09 0.16566265060240964
1 0.535 0.5918674698795181 0.09 0.19578313253012047
1 0.69 0.2560240963855422 0.068 0.2469879518072289
1 0.635 0.3795180722891566 0.042 0.1746987951807229
1 0.711 0.536144578313253 0.054 0.15060240963855423
1 0.826 0.47289156626506024 0.06 0.0963855421686747
1 0.785 0.572289156626506 0.062 0.14457831325301204
1 0.974 0.6716867469879518 0.052 0.18674698795180722
