1 0.215 0.4759036144578313 0.07 0.21686746987951808
1 0.275 0.5195783132530121 0.058 0.1716867469879518
1 0.222 0.8975903614457831 0.072 0.16265060240963855
1 0.087 0.8539156626506024 0.054 0.09337349397590361
1 0.517 0.7289156626506024 0.086 0.26506024096385544
1 0.485 0.8433734939759037 0.07 0.1144578313253012
1 0.468 0.963855421686747 0.068 0.07228915662650602
1 0.652 0.23493975903614459 0.092 0.39759036144578314
1 0.746 0.46686746987951805 0.096 0.18674698795180722
1 0.847 0.6114457831325302 0.062 0.20481927710843373
