1 0.263 0.35240963855421686 0.066 0.19879518072289157
1 0.389 0.42319277108433734 0.066 0.1716867469879518
1 0.436 0.6596385542168675 0.072 0.28313253012048195
1 0.526 0.6490963855421686 0.064 0.17771084337349397
1 0.599 0.5993975903614458 0.082 0.19879518072289157
1 0.914 0.5090361445783133 0.036 0.24096385542168675
1 0.932 0.8147590361445783 0.096 0.21987951807228914
1 0.965 0.30271084337349397 0.046 0.18373493975903615
1 0.96 0.5406626506024096 0.032 0.1897590361445783
1 0.746 0.17921686746987953 0.052 0.14156626506024098
