1 0.324 0.5843373493975904 0.14 0.3433734939759036
1 0.126 0.9186746987951807 0.076 0.12048192771084337
1 0.315 0.13253012048192772 0.094 0.15060240963855423
1 0.395 0.19879518072289157 0.118 0.28313253012048195
1 0.703 0.21536144578313254 0.054 0.1716867469879518
1 0.511 0.7003012048192772 0.058 0.12951807228915663
1 0.516 0.8057228915662651 0.06 0.14156626506024098
1 0.575 0.6445783132530121 0.034 0.20481927710843373
1 0.638 0.6701807228915663 0.064 0.24397590361445784
1 0.624 0.8102409638554217 0.128 0.09036144578313253
1 0.961 0.17018072289156627 0.062 0.20783132530120482
