1 0.742 0.2003012048192771 0.04 0.14156626506024098
1 0.69 0.39457831325301207 0.076 0.3072289156626506
1 0.626 0.2213855421686747 0.06 0.05120481927710843
1 0.592 0.3569277108433735 0.064 0.24397590361445784
1 0.532 0.4563253012048193 0.044 0.10542168674698796
1 0.512 0.6069277108433735 0.056 0.1536144578313253
1 0.475 0.7183734939759037 0.094 0.24397590361445784
1 0.353 0.7319277108433735 0.082 0.21686746987951808
1 0.734 0.6581325301204819 0.052 0.07530120481927711
1 0.708 0.7710843373493976 0.108 0.3132530120481928
