1 0.211 0.6280120481927711 0.062 0.20783132530120482
1 0.326 0.8644578313253012 0.092 0.18072289156626506
1 0.328 0.5963855421686747 0.076 0.23493975903614459
1 0.424 0.5783132530120482 0.032 0.15060240963855423
1 0.504 0.5587349397590361 0.06 0.2680722891566265
1 0.472 0.9322289156626506 0.04 0.09939759036144578
1 0.648 0.7695783132530121 0.068 0.21385542168674698
1 0.551 0.10542168674698796 0.09 0.08433734939759036
1 0.627 0.18674698795180722 0.058 0.18072289156626506
1 0.769 0.6114457831325302 0.054 0.26506024096385544
1 0.825 0.6671686746987951 0.054 0.23795180722891565
