1 0.208 0.6641566265060241 0.032 0.10542168674698796
1 0.296 0.7650602409638554 0.052 0.1686746987951807
1 0.323 0.6009036144578314 0.054 0.11144578313253012
1 0.52 0.6867469879518072 0.048 0.18072289156626506
1 0.541 0.48493975903614456 0.07 0.13855421686746988
1 0.443 0.8599397590361446 0.042 0.11144578313253012
1 0.68 0.5572289156626506 0.032 0.14457831325301204
1 0.739 0.5030120481927711 0.022 0.1144578313253012
1 0.709 0.802710843373494 0.03 0.14759036144578314
1 0.786 0.8373493975903614 0.048 0.13855421686746988
