1 0.372 0.21987951807228914 0.076 0.22289156626506024
1 0.402 0.32379518072289154 0.04 0.1897590361445783
1 0.476 0.3192771084337349 0.064 0.12048192771084337
1 0.563 0.40813253012048195 0.086 0.23795180722891565
1 0.645 0.4924698795180723 0.11 0.3042168674698795
1 0.698 0.5466867469879518 0.06 0.12951807228915663
1 0.667 0.7439759036144579 0.186 0.20481927710843373
1 0.499 0.6490963855421686 0.102 0.2921686746987952
1 0.37 0.7936746987951807 0.124 0.28012048192771083
1 0.146 0.6897590361445783 0.088 0.13855421686746988
