1 0.28 0.12198795180722892 0.068 0.21987951807228914
1 0.178 0.19126506024096385 0.04 0.11144578313253012
1 0.212 0.3614457831325301 0.056 0.1746987951807229
1 0.169 0.6280120481927711 0.066 0.20180722891566266
1 0.4 0.5256024096385542 0.064 0.16566265060240964
1 0.589 0.5813253012048193 0.078 0.15060240963855423
1 0.592 0.3930722891566265 0.1 0.15963855421686746
1 0.807 0.6355421686746988 0.126 0.2469879518072289
1 0.9 0.4578313253012048 0.056 0.19879518072289157
1 0.904 0.6234939759036144 0.064 0.09036144578313253
