0 0.5873563218390805 0.0671875 0.04827586206896552 0.09375
0 0.3586206896551724 0.08984375 0.01839080459770115 0.060937500000000006
0 0.8885057471264368 0.7125 0.020689655172413793 0.043750000000000004
0 0.7448275862068965 0.5671875000000001 0.03218390804597701 0.07187500000000001
0 0.5620689655172414 0.81796875 0.04367816091954023 0.08281250000000001
0 0.8160919540229885 0.12109375 0.022988505747126436 0.09531250000000001
0 0.20804597701149424 0.3328125 0.016091954022988506 0.037500000000000006
0 0.7 0.57421875 0.029885057471264367 0.0671875
0 0.16666666666666666 0.13359375 0.020689655172413793 0.0484375
0 0.8494252873563218 0.2390625 0.020689655172413793 0.065625
0 0.052873563218390804 0.40703125 0.013793103448275862 0.0328125
0 0.6551724137931034 0.37734375000000003 0.022988505747126436 0.051562500000000004
