0 0.3056179775280899 0.43984375000000003 0.040449438202247195 0.13593750000000002
0 0.28426966292134837 0.7835937500000001 0.020224719101123598 0.0703125
0 0.6202247191011236 0.521875 0.022471910112359553 0.07187500000000001
0 0.7988764044943821 0.278125 0.029213483146067417 0.059375000000000004
0 0.47640449438202254 0.9187500000000001 0.022471910112359553 0.08125
0 0.2898876404494382 0.29296875 0.017977528089887642 0.045312500000000006
0 0.4629213483146068 0.478125 0.02696629213483146 0.096875
0 0.9112359550561798 0.54296875 0.02471910112359551 0.0578125
0 0.9123595505617978 0.029687500000000002 0.03146067415730337 0.025
0 0.6853932584269663 0.40156250000000004 0.07191011235955057 0.059375000000000004
