0 0.2765625 0.6020583190394511 0.021875000000000002 0.11663807890222984
0 0.8796875000000001 0.7847341337907375 0.018750000000000003 0.08061749571183534
0 0.22265625 0.2692967409948542 0.026562500000000003 0.08233276157804459
0 0.1546875 0.8970840480274442 0.021875000000000002 0.11663807890222984
0 0.7375 0.5463121783876501 0.040625 0.1423670668953688
0 0.56953125 0.41938250428816465 0.0140625 0.07375643224699828
0 0.46875 0.6355060034305318 0.015625 0.10806174957118353
0 0.340625 0.313893653516295 0.018750000000000003 0.05831903945111492
0 0.1796875 0.6483704974271012 0.05 0.13379073756432247
0 0.8203125 0.15180102915951973 0.021875000000000002 0.07032590051457976
0 0.6257812500000001 0.2538593481989708 0.0328125 0.12006861063464837
0 0.4546875 0.36792452830188677 0.03125 0.1183533447684391
