0 0.1625 0.12141280353200883 0.015625 0.06181015452538631
0 0.10078125 0.32781456953642385 0.0203125 0.1479028697571744
0 0.3765625 0.7317880794701986 0.0125 0.05077262693156733
0 0.08046875 0.7218543046357616 0.010937500000000001 0.0706401766004415
0 0.8140625 0.7969094922737306 0.015625 0.06622516556291391
0 0.7679687500000001 0.8178807947019867 0.0703125 0.11699779249448124
0 0.11093750000000001 0.5275938189845475 0.009375000000000001 0.039735099337748346
0 0.23984375000000002 0.9470198675496688 0.010937500000000001 0.08388520971302428
0 0.17265625 0.8609271523178808 0.0234375 0.11037527593818984
0 0.48828125 0.6434878587196468 0.0140625 0.08609271523178808
