0 0.10465116279069767 0.853125 0.023255813953488372 0.1
0 0.3081395348837209 0.5375 0.02558139534883721 0.05625
0 0.872093023255814 0.6742187500000001 0.018604651162790697 0.060937500000000006
0 0.7104651162790697 0.51484375 0.01627906976744186 0.0484375
0 0.44069767441860463 0.3953125 0.01627906976744186 0.06875
0 0.1186046511627907 0.88984375 0.027906976744186046 0.0734375
0 0.7511627906976744 0.32109375 0.018604651162790697 0.035937500000000004
0 0.791860465116279 0.051562500000000004 0.01627906976744186 0.037500000000000006
0 0.6837209302325581 0.24375000000000002 0.027906976744186046 0.0625
0 0.5872093023255814 0.91953125 0.020930232558139535 0.045312500000000006
0 0.7209302325581395 0.88203125 0.04186046511627907 0.0859375
0 0.35 0.33437500000000003 0.05813953488372093 0.09375
