0 0.484375 0.8082191780821917 0.018750000000000003 0.1278538812785388
0 0.20234375000000002 0.6472602739726027 0.0234375 0.09817351598173515
0 0.8015625000000001 0.228310502283105 0.028125 0.1415525114155251
0 0.55078125 0.2237442922374429 0.035937500000000004 0.1461187214611872
0 0.40625 0.23972602739726026 0.015625 0.0684931506849315
0 0.1375 0.7831050228310502 0.015625 0.0639269406392694
0 0.846875 0.8253424657534246 0.018750000000000003 0.07990867579908675
0 0.46406250000000004 0.4463470319634703 0.015625 0.11643835616438356
0 0.29296875 0.6198630136986301 0.010937500000000001 0.04794520547945205
0 0.6296875000000001 0.6643835616438356 0.025 0.1872146118721461
0 0.40625 0.3504566210045662 0.015625 0.06621004566210045
