0 0.5630434782608695 0.22578125000000002 0.12608695652173912 0.2265625
0 0.9402173913043478 0.48828125 0.05 0.1203125
0 0.6228260869565218 0.33984375 0.08478260869565217 0.1859375
0 0.6543478260869565 0.8375 0.030434782608695653 0.10625000000000001
0 0.5239130434782608 0.790625 0.15217391304347827 0.19687500000000002
0 0.6097826086956522 0.6109375 0.05 0.10625000000000001
0 0.9119565217391304 0.56796875 0.058695652173913045 0.1265625
0 0.44673913043478264 0.12812500000000002 0.06739130434782609 0.20625000000000002
0 0.683695652173913 0.9078125 0.08043478260869566 0.16562500000000002
0 0.4565217391304348 0.353125 0.06956521739130435 0.146875
0 0.0891304347826087 0.7609375 0.10869565217391304 0.19687500000000002
