0 0.25 0.12421875 0.01141552511415525 0.045312500000000006
0 0.7031963470319634 0.0484375 0.0182648401826484 0.07500000000000001
0 0.3447488584474886 0.44609375 0.0136986301369863 0.0390625
0 0.8299086757990867 0.13359375 0.02054794520547945 0.0921875
0 0.1404109589041096 0.2015625 0.02968036529680365 0.046875
0 0.47146118721461183 0.54140625 0.02054794520547945 0.045312500000000006
0 0.754566210045662 0.765625 0.02054794520547945 0.06875
0 0.7831050228310502 0.7328125000000001 0.0228310502283105 0.046875
0 0.550228310502283 0.24375000000000002 0.0182648401826484 0.0625
0 0.5650684931506849 0.42265625 0.02511415525114155 0.045312500000000006
