0 0.4759725400457666 0.8210937500000001 0.013729977116704806 0.029687500000000002
0 0.5560640732265446 0.95859375 0.027459954233409613 0.0734375
0 0.37871853546910755 0.8656250000000001 0.043478260869565216 0.08125
0 0.6853546910755148 0.7781250000000001 0.043478260869565216 0.07187500000000001
0 0.20022883295194507 0.6351562500000001 0.020594965675057208 0.0421875
0 0.799771167048055 0.42890625000000004 0.043478260869565216 0.0765625
0 0.09382151029748284 0.58203125 0.036613272311212815 0.029687500000000002
0 0.37986270022883295 0.1703125 0.10526315789473684 0.18125000000000002
0 0.6647597254004577 0.8054687500000001 0.011441647597254004 0.0234375
0 0.5469107551487414 0.7664062500000001 0.059496567505720827 0.1046875
0 0.8318077803203662 0.7015625000000001 0.034324942791762014 0.059375000000000004
