0 0.3390191897654584 0.8515625 0.029850746268656716 0.053125000000000006
0 0.7633262260127932 0.875 0.08955223880597014 0.16562500000000002
0 0.48507462686567165 0.60703125 0.06609808102345416 0.1296875
0 0.5874200426439232 0.8093750000000001 0.04477611940298507 0.08125
0 0.476545842217484 0.91015625 0.04051172707889126 0.11093750000000001
0 0.7515991471215352 0.9148437500000001 0.031982942430703626 0.0890625
0 0.15991471215351813 0.9203125000000001 0.05970149253731343 0.1125
0 0.6940298507462687 0.65625 0.04051172707889126 0.08125
0 0.406183368869936 0.596875 0.023454157782515993 0.0625
0 0.5053304904051172 0.92109375 0.021321961620469083 0.045312500000000006
0 0.6481876332622601 0.23203125000000002 0.042643923240938165 0.035937500000000004
0 0.18976545842217485 0.86875 0.042643923240938165 0.078125
