0 0.537199124726477 0.5242187500000001 0.03282275711159737 0.0578125
0 0.4431072210065645 0.925 0.037199124726477024 0.084375
0 0.6717724288840262 0.61484375 0.0262582056892779 0.045312500000000006
0 0.424507658643326 0.08281250000000001 0.0262582056892779 0.07500000000000001
0 0.17396061269146607 0.7117187500000001 0.015317286652078774 0.0328125
0 0.8413566739606126 0.9070312500000001 0.019693654266958426 0.0484375
0 0.6017505470459519 0.36484375 0.030634573304157548 0.0734375
0 0.7844638949671772 0.29296875 0.015317286652078774 0.035937500000000004
0 0.8533916849015317 0.07968750000000001 0.030634573304157548 0.07500000000000001
0 0.7024070021881837 0.1015625 0.0262582056892779 0.0625
