0 0.16484375 0.2576470588235294 0.045312500000000006 0.17176470588235293
0 0.1765625 0.8388235294117646 0.03125 0.11529411764705881
0 0.28046875 0.21058823529411763 0.045312500000000006 0.08235294117647059
0 0.9070312500000001 0.9199999999999999 0.0078125 0.03764705882352941
0 0.178125 0.8552941176470588 0.015625 0.0776470588235294
0 0.671875 0.12235294117647058 0.018750000000000003 0.07529411764705882
0 0.3125 0.18588235294117644 0.028125 0.051764705882352935
0 0.63046875 0.5164705882352941 0.0140625 0.0588235294117647
0 0.85859375 0.6670588235294117 0.045312500000000006 0.17176470588235293
0 0.54140625 0.2529411764705882 0.029687500000000002 0.05411764705882353
0 0.690625 0.24941176470588233 0.028125 0.051764705882352935
0 0.9382812500000001 0.5823529411764705 0.0390625 0.15294117647058822
