0 0.0625 0.8416856492027335 0.018750000000000003 0.10706150341685648
0 0.41250000000000003 0.8211845102505695 0.025 0.1480637813211845
0 0.35078125000000004 0.5330296127562643 0.029687500000000002 0.16856492027334852
0 0.478125 0.8804100227790432 0.037500000000000006 0.17084282460136674
0 0.7578125 0.541002277904328 0.025 0.12528473804100226
0 0.6546875000000001 0.8587699316628701 0.0125 0.0683371298405467
0 0.8078125 0.24373576309794986 0.015625 0.10933940774487472
0 0.08515625 0.8553530751708428 0.035937500000000004 0.1480637813211845
0 0.35625 0.7665148063781321 0.025 0.12072892938496582
0 0.7359375 0.7665148063781321 0.025 0.12528473804100226
0 0.57734375 0.21298405466970385 0.029687500000000002 0.10706150341685648
0 0.61875 0.224373576309795 0.021875000000000002 0.09339407744874714
