0 0.275 0.40940366972477066 0.0125 0.052752293577981654
0 0.46328125000000003 0.6662844036697249 0.0203125 0.13990825688073394
0 0.34921875 0.7419724770642202 0.029687500000000002 0.1261467889908257
0 0.13125 0.5768348623853211 0.009375000000000001 0.04357798165137615
0 0.045312500000000006 0.25688073394495414 0.018750000000000003 0.12385321100917432
0 0.84375 0.2018348623853211 0.034375 0.1743119266055046
0 0.31562500000000004 0.16857798165137616 0.07500000000000001 0.1261467889908257
0 0.6882812500000001 0.41857798165137616 0.0140625 0.10779816513761468
0 0.41718750000000004 0.28899082568807344 0.025 0.10550458715596331
0 0.5242187500000001 0.39105504587155965 0.026562500000000003 0.13532110091743121
