0 0.8155555555555556 0.8250000000000001 0.022222222222222223 0.037500000000000006
0 0.8833333333333333 0.9593750000000001 0.03777777777777778 0.065625
0 0.11777777777777777 0.14375000000000002 0.09333333333333334 0.16562500000000002
0 0.29444444444444445 0.6609375000000001 0.051111111111111114 0.1
0 0.42444444444444446 0.48515625 0.035555555555555556 0.09531250000000001
0 0.82 0.55078125 0.022222222222222223 0.045312500000000006
0 0.9344444444444444 0.0578125 0.028888888888888888 0.05
0 0.42 0.21250000000000002 0.10222222222222223 0.18125000000000002
0 0.8 0.26015625000000003 0.08444444444444445 0.15156250000000002
0 0.7477777777777778 0.5265625 0.028888888888888888 0.05
