0 0.11328125 0.8194444444444444 0.0390625 0.1388888888888889
0 0.7132812500000001 0.38425925925925924 0.045312500000000006 0.16203703703703703
0 0.07734375 0.5960648148148148 0.0203125 0.15046296296296297
0 0.6492187500000001 0.9155092592592592 0.0140625 0.09953703703703703
0 0.54453125 0.18171296296296297 0.026562500000000003 0.1087962962962963
0 0.38593750000000004 0.39467592592592593 0.015625 0.1087962962962963
0 0.51015625 0.1875 0.0328125 0.11574074074074073
0 0.1953125 0.8310185185185185 0.03125 0.15277777777777776
0 0.46953125 0.2071759259259259 0.0171875 0.13657407407407407
0 0.78671875 0.13541666666666666 0.0203125 0.11805555555555555
0 0.43828125 0.6261574074074073 0.026562500000000003 0.12268518518518517
0 0.284375 0.33796296296296297 0.03125 0.14351851851851852
