0 0.47421875 0.17321016166281755 0.029687500000000002 0.16166281755196305
0 0.7265625 0.39376443418013857 0.028125 0.11316397228637413
0 0.08984375 0.7032332563510393 0.0203125 0.07621247113163972
0 0.44062500000000004 0.7551963048498845 0.03125 0.12471131639722864
0 0.30234375 0.5311778290993071 0.029687500000000002 0.16166281755196305
0 0.56484375 0.31986143187066973 0.026562500000000003 0.10392609699769052
0 0.36640625000000004 0.1789838337182448 0.0140625 0.06235565819861432
0 0.18359375 0.720554272517321 0.0203125 0.09237875288683603
0 0.7171875000000001 0.5866050808314087 0.037500000000000006 0.14318706697459585
0 0.8765625 0.7321016166281755 0.040625 0.15242494226327943
