0 0.10520833333333333 0.82578125 0.022916666666666665 0.051562500000000004
0 0.14791666666666667 0.74609375 0.016666666666666666 0.0578125
0 0.25625 0.19375 0.020833333333333332 0.059375000000000004
0 0.11145833333333333 0.14140625 0.022916666666666665 0.1046875
0 0.3541666666666667 0.0671875 0.020833333333333332 0.07187500000000001
0 0.09270833333333334 0.8953125000000001 0.010416666666666666 0.05
0 0.09895833333333333 0.69296875 0.027083333333333334 0.060937500000000006
0 0.41875 0.3875 0.016666666666666666 0.05
0 0.6395833333333333 0.52265625 0.0375 0.0703125
0 0.5864583333333333 0.43359375 0.022916666666666665 0.0546875
0 0.7916666666666666 0.90625 0.041666666666666664 0.096875
0 0.196875 0.39687500000000003 0.027083333333333334 0.065625
