0 0.771186440677966 0.71484375 0.1440677966101695 0.2265625
0 0.17584745762711865 0.09062500000000001 0.05508474576271186 0.115625
0 0.8072033898305084 0.8757812500000001 0.046610169491525424 0.1265625
0 0.6694915254237288 0.22890625 0.05084745762711865 0.1265625
0 0.3665254237288136 0.321875 0.1059322033898305 0.215625
0 0.6101694915254238 0.5125000000000001 0.09322033898305085 0.184375
0 0.3633474576271186 0.828125 0.05296610169491525 0.115625
0 0.6069915254237288 0.6039062500000001 0.07838983050847458 0.1765625
0 0.763771186440678 0.21406250000000002 0.19703389830508475 0.215625
0 0.9014830508474576 0.36015625 0.057203389830508475 0.1265625
