0 0.8096280087527352 0.784375 0.061269146608315096 0.1125
0 0.24507658643326038 0.8617187500000001 0.048140043763676144 0.08281250000000001
0 0.44091903719912473 0.22734375 0.019693654266958426 0.0421875
0 0.724288840262582 0.31562500000000004 0.02188183807439825 0.037500000000000006
0 0.38183807439824946 0.8562500000000001 0.06345733041575492 0.125
0 0.4682713347921225 0.6570312500000001 0.0700218818380744 0.13593750000000002
0 0.4070021881838074 0.584375 0.0262582056892779 0.021875000000000002
0 0.6509846827133479 0.48750000000000004 0.015317286652078774 0.03125
0 0.6947483588621444 0.0890625 0.037199124726477024 0.03125
0 0.175054704595186 0.8851562500000001 0.030634573304157548 0.0546875
0 0.8763676148796499 0.16015625 0.06783369803063458 0.1296875
