0 0.89453125 0.543010752688172 0.0421875 0.20430107526881722
0 0.4453125 0.34301075268817205 0.05 0.11827956989247312
0 0.10390625 0.8010752688172043 0.07968750000000001 0.23440860215053763
0 0.45390625 0.24301075268817204 0.0546875 0.21505376344086022
0 0.16484375 0.221505376344086 0.0546875 0.21505376344086022
0 0.859375 0.9387096774193548 0.018750000000000003 0.11397849462365592
0 0.44843750000000004 0.6053763440860215 0.053125000000000006 0.20430107526881722
0 0.94921875 0.8849462365591397 0.0578125 0.14408602150537633
0 0.10234375000000001 0.7924731182795699 0.0421875 0.20430107526881722
0 0.8992187500000001 0.3064516129032258 0.0328125 0.13548387096774195
