0 0.60703125 0.4498910675381264 0.026562500000000003 0.1459694989106754
0 0.17734375000000002 0.1328976034858388 0.0328125 0.1525054466230937
0 0.08125 0.36710239651416127 0.037500000000000006 0.1459694989106754
0 0.46171875 0.3366013071895425 0.010937500000000001 0.08932461873638345
0 0.50625 0.6623093681917211 0.046875 0.16122004357298478
0 0.2 0.289760348583878 0.040625 0.1394335511982571
0 0.6734375 0.5904139433551199 0.0125 0.08714596949891068
0 0.71640625 0.39433551198257083 0.0203125 0.09586056644880175
0 0.6671875 0.8050108932461875 0.021875000000000002 0.11982570806100219
0 0.7195312500000001 0.8409586056644881 0.0203125 0.1786492374727669
