0 0.5171875 0.2826086956521739 0.009375000000000001 0.043478260869565216
0 0.4421875 0.7448512585812357 0.043750000000000004 0.15789473684210525
0 0.171875 0.36041189931350115 0.015625 0.06636155606407322
0 0.67734375 0.4439359267734554 0.0421875 0.15560640732265446
0 0.9296875 0.4496567505720824 0.018750000000000003 0.08924485125858124
0 0.6734375 0.5983981693363845 0.028125 0.16247139588100687
0 0.20703125 0.32494279176201374 0.0140625 0.059496567505720827
0 0.2859375 0.2402745995423341 0.018750000000000003 0.07322654462242563
0 0.33046875000000003 0.5320366132723112 0.0328125 0.12128146453089245
0 0.7828125 0.5720823798627003 0.046875 0.08237986270022883
0 0.4453125 0.16475972540045766 0.034375 0.12814645308924486
0 0.90625 0.40045766590389015 0.034375 0.12814645308924486
