0 0.351380042462845 0.73984375 0.01910828025477707 0.0421875
0 0.7590233545647558 0.17109375000000002 0.03184713375796178 0.0765625
0 0.16560509554140126 0.5632812500000001 0.03821656050955414 0.0765625
0 0.8184713375796179 0.21640625000000002 0.048832271762208064 0.0859375
0 0.8524416135881104 0.56875 0.014861995753715499 0.05625
0 0.24416135881104034 0.39296875000000003 0.025477707006369428 0.0734375
0 0.4978768577494692 0.90234375 0.01910828025477707 0.045312500000000006
0 0.3885350318471337 0.23671875 0.016985138004246284 0.0765625
0 0.42144373673036095 0.8859375 0.014861995753715499 0.059375000000000004
0 0.47558386411889597 0.17734375000000002 0.03821656050955414 0.0765625
0 0.24203821656050956 0.7664062500000001 0.025477707006369428 0.051562500000000004
0 0.5169851380042463 0.46484375 0.03184713375796178 0.0890625
