0 0.31712473572938693 0.4 0.05073995771670191 0.043750000000000004
0 0.35517970401691334 0.30390625000000004 0.07610993657505286 0.1421875
0 0.5116279069767442 0.81171875 0.021141649048625793 0.045312500000000006
0 0.14587737843551798 0.90234375 0.07610993657505286 0.1421875
0 0.5782241014799154 0.5945312500000001 0.04016913319238901 0.11093750000000001
0 0.3488372093023256 0.76171875 0.025369978858350954 0.0703125
0 0.7505285412262157 0.1328125 0.054968287526427066 0.046875
0 0.9164904862579282 0.8859375 0.04016913319238901 0.07500000000000001
0 0.44926004228329813 0.640625 0.05708245243128964 0.05
0 0.7843551797040169 0.42578125 0.025369978858350954 0.0765625
