0 0.8914062500000001 0.2874087591240876 0.0546875 0.19525547445255473
0 0.94296875 0.7354014598540146 0.0671875 0.22627737226277372
0 0.8796875000000001 0.8065693430656934 0.05 0.17518248175182483
0 0.95625 0.14233576642335766 0.053125000000000006 0.21532846715328466
0 0.1953125 0.6368613138686131 0.037500000000000006 0.18613138686131386
0 0.9343750000000001 0.44434306569343063 0.03125 0.11496350364963503
0 0.5437500000000001 0.33394160583941607 0.05 0.145985401459854
0 0.54296875 0.6049270072992701 0.026562500000000003 0.11496350364963503
0 0.5859375 0.17427007299270073 0.0625 0.1551094890510949
0 0.5398437500000001 0.42791970802919704 0.045312500000000006 0.11496350364963503
