0 0.915625 0.17674418604651163 0.018750000000000003 0.06976744186046512
0 0.43828125 0.8430232558139534 0.010937500000000001 0.04883720930232558
0 0.7312500000000001 0.1 0.025 0.09767441860465116
0 0.9046875000000001 0.36511627906976746 0.03125 0.11162790697674418
0 0.6796875 0.38372093023255816 0.028125 0.10697674418604651
0 0.38359375 0.31627906976744186 0.026562500000000003 0.046511627906976744
0 0.61875 0.45813953488372094 0.037500000000000006 0.06511627906976744
0 0.53828125 0.2744186046511628 0.0546875 0.09767441860465116
0 0.28750000000000003 0.1325581395348837 0.043750000000000004 0.07906976744186046
0 0.5015625 0.37209302325581395 0.028125 0.15348837209302324
