0 0.8192488262910799 0.15859375 0.028169014084507043 0.0765625
0 0.7711267605633803 0.1078125 0.025821596244131457 0.065625
0 0.8802816901408451 0.4609375 0.06103286384976526 0.096875
0 0.2699530516431925 0.484375 0.028169014084507043 0.053125000000000006
0 0.7288732394366197 0.1390625 0.011737089201877934 0.053125000000000006
0 0.29812206572769956 0.30234375 0.018779342723004695 0.0390625
0 0.13262910798122066 0.9671875000000001 0.03051643192488263 0.05
0 0.27230046948356806 0.87265625 0.028169014084507043 0.0765625
0 0.8227699530516432 0.4421875 0.035211267605633804 0.07500000000000001
0 0.17370892018779344 0.6960937500000001 0.023474178403755867 0.051562500000000004
