0 0.8470588235294116 0.40703125 0.042352941176470586 0.07968750000000001
0 0.2929411764705882 0.846875 0.025882352941176467 0.05625
0 0.4894117647058823 0.61328125 0.03294117647058823 0.0734375
0 0.34823529411764703 0.465625 0.023529411764705882 0.059375000000000004
0 0.5611764705882353 0.4546875 0.025882352941176467 0.05
0 0.5752941176470587 0.8226562500000001 0.04941176470588235 0.07968750000000001
0 0.8035294117647058 0.43593750000000003 0.016470588235294115 0.053125000000000006
0 0.4917647058823529 0.89765625 0.023529411764705882 0.0546875
0 0.08941176470588234 0.57578125 0.028235294117647056 0.045312500000000006
0 0.38705882352941173 0.2109375 0.025882352941176467 0.065625
0 0.7447058823529411 0.7453125 0.030588235294117645 0.06875
0 0.2588235294117647 0.915625 0.018823529411764704 0.037500000000000006
