0 0.09765625 0.4748953974895397 0.060937500000000006 0.23430962343096232
0 0.8250000000000001 0.1610878661087866 0.05 0.20502092050209203
0 0.39296875000000003 0.8064853556485355 0.026562500000000003 0.11506276150627615
0 0.4703125 0.7364016736401673 0.0625 0.12552301255230125
0 0.6492187500000001 0.6924686192468619 0.045312500000000006 0.18410041841004182
0 0.7000000000000001 0.7615062761506276 0.025 0.10460251046025104
0 0.8914062500000001 0.46966527196652713 0.060937500000000006 0.24476987447698742
0 0.29921875000000003 0.5366108786610878 0.0671875 0.2238493723849372
0 0.51328125 0.7876569037656903 0.08281250000000001 0.16527196652719664
0 0.3484375 0.7060669456066945 0.05625 0.21548117154811713
