0 0.10625000000000001 0.3311546840958606 0.046875 0.23529411764705885
0 0.03671875 0.24945533769063183 0.0171875 0.11546840958605666
0 0.14921875 0.2581699346405229 0.0171875 0.06753812636165578
0 0.353125 0.7919389978213508 0.05 0.19389978213507628
0 0.4609375 0.7712418300653595 0.10312500000000001 0.21350762527233116
0 0.26796875000000003 0.1655773420479303 0.0546875 0.23529411764705885
0 0.19609375 0.23420479302832245 0.1078125 0.224400871459695
0 0.6578125 0.38888888888888895 0.028125 0.12418300653594773
0 0.27890625 0.6470588235294118 0.0484375 0.20479302832244012
0 0.03359375 0.715686274509804 0.0234375 0.12418300653594773
