0 0.8640625000000001 0.28827751196172247 0.046875 0.08373205741626794
0 0.8046875 0.8755980861244019 0.025 0.18660287081339713
0 0.8054687500000001 0.3253588516746411 0.0140625 0.06698564593301436
0 0.90625 0.5059808612440191 0.025 0.12679425837320574
0 0.2234375 0.27990430622009566 0.015625 0.07177033492822966
0 0.16562500000000002 0.6052631578947368 0.021875000000000002 0.11961722488038277
0 0.35703125 0.39952153110047844 0.026562500000000003 0.11483253588516745
0 0.328125 0.6232057416267942 0.028125 0.12200956937799043
0 0.534375 0.5167464114832536 0.065625 0.11961722488038277
0 0.1453125 0.8157894736842105 0.025 0.18660287081339713
0 0.85546875 0.1471291866028708 0.0171875 0.07416267942583732
0 0.6375000000000001 0.7464114832535885 0.021875000000000002 0.16267942583732056
