0 0.13241525423728814 0.56484375 0.04449152542372881 0.0671875
0 0.1705508474576271 0.5984375000000001 0.19703389830508475 0.215625
0 0.2468220338983051 0.36250000000000004 0.13771186440677965 0.184375
0 0.2341101694915254 0.1609375 0.07415254237288135 0.10625000000000001
0 0.1461864406779661 0.12578125 0.11864406779661017 0.2078125
0 0.2754237288135593 0.16484375 0.06779661016949153 0.1265625
0 0.5434322033898306 0.08281250000000001 0.06567796610169492 0.146875
0 0.15572033898305085 0.2625 0.15466101694915255 0.20625000000000002
0 0.875 0.5640625 0.0635593220338983 0.16562500000000002
0 0.5370762711864406 0.659375 0.1504237288135593 0.16562500000000002
0 0.9067796610169492 0.1796875 0.0847457627118644 0.215625
