0 0.38125000000000003 0.8183673469387756 0.025 0.08571428571428572
0 0.19843750000000002 0.5071428571428572 0.03125 0.1
0 0.1421875 0.766326530612245 0.015625 0.07959183673469389
0 0.5375 0.5775510204081633 0.046875 0.1510204081632653
0 0.40546875000000004 0.31734693877551023 0.026562500000000003 0.09183673469387756
0 0.26953125 0.1489795918367347 0.0546875 0.08571428571428572
0 0.46015625000000004 0.3785714285714286 0.026562500000000003 0.09183673469387756
0 0.55625 0.12040816326530614 0.018750000000000003 0.07346938775510205
0 0.640625 0.41836734693877553 0.03125 0.10612244897959185
0 0.38671875 0.5775510204081633 0.0171875 0.08571428571428572
