0 0.5869565217391305 0.671875 0.017391304347826087 0.043750000000000004
0 0.7347826086956522 0.19296875000000002 0.0391304347826087 0.0671875
0 0.1641304347826087 0.596875 0.01956521739130435 0.05625
0 0.8739130434782609 0.5164062500000001 0.017391304347826087 0.0546875
0 0.658695652173913 0.22187500000000002 0.026086956521739132 0.07187500000000001
0 0.3282608695652174 0.9078125 0.030434782608695653 0.07500000000000001
0 0.6782608695652174 0.44296875 0.017391304347826087 0.07968750000000001
0 0.48043478260869565 0.24609375 0.0391304347826087 0.0890625
0 0.0891304347826087 0.6234375000000001 0.017391304347826087 0.037500000000000006
0 0.24891304347826088 0.140625 0.03695652173913044 0.08125
0 0.29239130434782606 0.19921875 0.041304347826086954 0.0921875
