0 0.54921875 0.40705882352941175 0.035937500000000004 0.15058823529411763
0 0.7742187500000001 0.5741176470588235 0.026562500000000003 0.0988235294117647
0 0.76171875 0.16470588235294117 0.0328125 0.12235294117647058
0 0.8875000000000001 0.1552941176470588 0.046875 0.07529411764705882
0 0.8703125 0.2117647058823529 0.05625 0.10352941176470587
0 0.15546875000000002 0.8858823529411763 0.0140625 0.06352941176470588
0 0.5171875 0.24 0.028125 0.051764705882352935
0 0.25078125 0.30588235294117644 0.035937500000000004 0.1364705882352941
0 0.17734375000000002 0.7376470588235293 0.035937500000000004 0.1341176470588235
0 0.24609375 0.8294117647058823 0.0203125 0.08235294117647059
0 0.87265625 0.5776470588235294 0.045312500000000006 0.17176470588235293
