0 0.33333333333333337 0.4734375 0.06410256410256411 0.19687500000000002
0 0.5662393162393163 0.853125 0.05982905982905984 0.15625
0 0.7553418803418804 0.62265625 0.04487179487179488 0.18906250000000002
0 0.8867521367521368 0.18281250000000002 0.07692307692307693 0.19687500000000002
0 0.6944444444444445 0.65 0.0982905982905983 0.20625000000000002
0 0.8685897435897437 0.6625000000000001 0.0747863247863248 0.15625
0 0.4380341880341881 0.07968750000000001 0.05128205128205129 0.096875
0 0.3717948717948718 0.24375000000000002 0.11965811965811968 0.246875
0 0.8205128205128206 0.29140625000000003 0.06410256410256411 0.13593750000000002
0 0.5972222222222223 0.38671875 0.07905982905982907 0.1765625
0 0.5299145299145299 0.353125 0.05555555555555556 0.10625000000000001
