0 0.56640625 0.6666666666666667 0.0328125 0.12820512820512822
0 0.71484375 0.30341880341880345 0.010937500000000001 0.06410256410256411
0 0.53359375 0.3664529914529915 0.0328125 0.16025641025641027
0 0.34218750000000003 0.19123931623931625 0.015625 0.061965811965811975
0 0.8773437500000001 0.5822649572649573 0.029687500000000002 0.14316239316239318
0 0.1921875 0.8408119658119659 0.009375000000000001 0.03632478632478633
0 0.26953125 0.5096153846153847 0.029687500000000002 0.14316239316239318
0 0.1328125 0.7403846153846154 0.018750000000000003 0.09615384615384616
0 0.0890625 0.7414529914529915 0.025 0.11111111111111112
0 0.74609375 0.37820512820512825 0.035937500000000004 0.17521367521367523
0 0.8445312500000001 0.5854700854700855 0.0140625 0.09401709401709403
