0 0.19843750000000002 0.8312236286919831 0.0125 0.050632911392405056
0 0.7921875 0.6402953586497889 0.034375 0.16666666666666666
0 0.81953125 0.8248945147679324 0.0234375 0.14767932489451477
0 0.13593750000000002 0.6191983122362869 0.015625 0.09915611814345991
0 0.30390625000000004 0.7700421940928269 0.0234375 0.14767932489451477
0 0.89453125 0.23945147679324894 0.029687500000000002 0.044303797468354424
0 0.92890625 0.6466244725738396 0.0203125 0.0780590717299578
0 0.24921875000000002 0.7563291139240506 0.0171875 0.11603375527426159
0 0.8406250000000001 0.1729957805907173 0.009375000000000001 0.03375527426160337
0 0.8929687500000001 0.2753164556962025 0.0203125 0.09493670886075949
