0 0.7054687500000001 0.8284518828451882 0.0171875 0.06694560669456066
0 0.45390625 0.8378661087866108 0.026562500000000003 0.12761506276150628
0 0.6015625 0.4738493723849372 0.03125 0.11506276150627615
0 0.209375 0.647489539748954 0.009375000000000001 0.06485355648535564
0 0.74375 0.1213389121338912 0.025 0.1715481171548117
0 0.3609375 0.24895397489539747 0.015625 0.10878661087866108
0 0.4390625 0.48012552301255224 0.046875 0.07322175732217573
0 0.35390625000000003 0.6370292887029289 0.06406250000000001 0.10251046025104602
0 0.8718750000000001 0.35460251046025104 0.009375000000000001 0.03556485355648535
0 0.40703125 0.42259414225941416 0.010937500000000001 0.03765690376569037
0 0.7203125 0.14748953974895396 0.03125 0.11506276150627615
0 0.37421875000000004 0.6715481171548117 0.029687500000000002 0.1422594142259414
