0 0.727176220806794 0.33125000000000004 0.014861995753715499 0.034375
0 0.4681528662420382 0.2515625 0.07006369426751592 0.12812500000000002
0 0.5668789808917197 0.4296875 0.008492569002123142 0.021875000000000002
0 0.10191082802547771 0.9031250000000001 0.016985138004246284 0.037500000000000006
0 0.7728237791932059 0.515625 0.059447983014861996 0.1125
0 0.7091295116772823 0.38828125 0.04246284501061571 0.035937500000000004
0 0.5615711252653928 0.78046875 0.01910828025477707 0.0421875
0 0.8556263269639066 0.34375 0.055201698513800426 0.046875
0 0.8333333333333334 0.9382812500000001 0.027600849256900213 0.045312500000000006
0 0.4607218683651805 0.5085937500000001 0.021231422505307854 0.045312500000000006
