0 0.7647058823529412 0.58203125 0.07239819004524888 0.13593750000000002
0 0.5350678733031675 0.21171875 0.015837104072398193 0.029687500000000002
0 0.164027149321267 0.19375 0.029411764705882356 0.05
0 0.4457013574660634 0.5906250000000001 0.04072398190045249 0.06875
0 0.4309954751131222 0.253125 0.05203619909502263 0.09062500000000001
0 0.2533936651583711 0.878125 0.04072398190045249 0.10312500000000001
0 0.6945701357466064 0.37343750000000003 0.05882352941176471 0.1125
0 0.6957013574660634 0.6570312500000001 0.05203619909502263 0.0421875
0 0.583710407239819 0.52890625 0.04524886877828055 0.0765625
0 0.1821266968325792 0.45625000000000004 0.011312217194570137 0.021875000000000002
