0 0.80859375 0.4221491228070175 0.026562500000000003 0.1644736842105263
0 0.7976562500000001 0.12280701754385964 0.026562500000000003 0.11403508771929824
0 0.51328125 0.24890350877192982 0.0484375 0.125
0 0.63203125 0.2445175438596491 0.0921875 0.19517543859649122
0 0.5734375 0.6995614035087719 0.05 0.2149122807017544
0 0.44843750000000004 0.3684210526315789 0.07500000000000001 0.22368421052631576
0 0.859375 0.4320175438596491 0.037500000000000006 0.15350877192982454
0 0.25859375 0.7236842105263157 0.045312500000000006 0.18421052631578946
0 0.9187500000000001 0.7807017543859649 0.08125 0.24561403508771928
0 0.7390625000000001 0.5460526315789473 0.037500000000000006 0.15350877192982454
