0 0.8736842105263157 0.33203125 0.021052631578947368 0.0421875
0 0.29578947368421055 0.43046875 0.031578947368421054 0.035937500000000004
0 0.13157894736842105 0.10234375000000001 0.01894736842105263 0.0734375
0 0.07157894736842105 0.6937500000000001 0.021052631578947368 0.053125000000000006
0 0.7 0.6179687500000001 0.04421052631578947 0.09531250000000001
0 0.7389473684210526 0.7828125 0.029473684210526315 0.0625
0 0.731578947368421 0.8546875 0.027368421052631577 0.10312500000000001
0 0.3231578947368421 0.403125 0.027368421052631577 0.09375
0 0.8494736842105263 0.7679687500000001 0.04842105263157895 0.1046875
0 0.36526315789473685 0.17500000000000002 0.014736842105263158 0.03125
0 0.871578947368421 0.38203125000000004 0.07157894736842105 0.060937500000000006
