0 0.6546875000000001 0.31385281385281383 0.046875 0.07792207792207792
0 0.59765625 0.38311688311688313 0.0171875 0.09523809523809523
0 0.51171875 0.7153679653679653 0.045312500000000006 0.15800865800865802
0 0.7828125 0.3484848484848485 0.028125 0.09956709956709957
0 0.45390625 0.23593073593073594 0.045312500000000006 0.0735930735930736
0 0.5476562500000001 0.54004329004329 0.0328125 0.11038961038961038
0 0.7898437500000001 0.5346320346320347 0.035937500000000004 0.14285714285714285
0 0.46015625000000004 0.4491341991341991 0.029687500000000002 0.10173160173160173
0 0.7601562500000001 0.527056277056277 0.0234375 0.08441558441558442
0 0.81015625 0.1893939393939394 0.0390625 0.14935064935064934
0 0.7890625 0.24675324675324675 0.018750000000000003 0.06926406926406926
0 0.16171875000000002 0.39285714285714285 0.0203125 0.10606060606060606
