0 0.88046875 0.5296610169491526 0.0421875 0.19915254237288135
0 0.9078125 0.3972457627118644 0.03125 0.1504237288135593
0 0.6257812500000001 0.5942796610169492 0.0140625 0.03177966101694915
0 0.8250000000000001 0.2733050847457627 0.059375000000000004 0.09322033898305085
0 0.1421875 0.11652542372881355 0.059375000000000004 0.09322033898305085
0 0.5265625 0.13241525423728814 0.06875 0.10805084745762712
0 0.8125 0.423728813559322 0.0125 0.07627118644067797
0 0.59296875 0.8421610169491526 0.0203125 0.07838983050847458
0 0.39140625 0.3771186440677966 0.035937500000000004 0.13983050847457626
0 0.6234375000000001 0.6716101694915254 0.025 0.17796610169491525
