0 0.7601562500000001 0.6136363636363636 0.06406250000000001 0.10606060606060606
0 0.89375 0.18831168831168832 0.0625 0.09956709956709957
0 0.37265625 0.7846320346320347 0.0390625 0.15367965367965367
0 0.8859375 0.3474025974025974 0.025 0.170995670995671
0 0.8484375000000001 0.2564935064935065 0.043750000000000004 0.07142857142857142
0 0.27890625 0.788961038961039 0.0171875 0.0670995670995671
0 0.1265625 0.329004329004329 0.021875000000000002 0.15584415584415584
0 0.31875000000000003 0.4004329004329004 0.05625 0.09090909090909091
0 0.5265625 0.6071428571428571 0.0125 0.07575757575757576
0 0.634375 0.5183982683982684 0.0125 0.09307359307359307
