1 0.8031250000000001 0.42939814814814814 0.12812500000000002 0.1736111111111111
1 0.675 0.38078703703703703 0.12812500000000002 0.1736111111111111
1 0.7117187500000001 0.5648148148148148 0.09531250000000001 0.13425925925925924
1 0.58828125 0.5219907407407407 0.0765625 0.0949074074074074
1 0.33671875 0.2511574074074074 0.07968750000000001 0.11342592592592592
1 0.49062500000000003 0.19791666666666666 0.10625000000000001 0.13657407407407407
1 0.13593750000000002 0.8541666666666666 0.1375 0.19444444444444442
1 0.52578125 0.3761574074074074 0.15781250000000002 0.22453703703703703
1 0.7984375 0.12384259259259259 0.15000000000000002 0.21527777777777776
1 0.1875 0.7800925925925926 0.109375 0.13425925925925924
1 0.44062500000000004 0.3263888888888889 0.15625 0.2037037037037037
