1 0.8675496688741722 0.90546875 0.19426048565121412 0.1265625
1 0.40618101545253865 0.12812500000000002 0.23399558498896247 0.15937500000000002
1 0.8863134657836644 0.5671875000000001 0.1346578366445916 0.10625000000000001
1 0.2781456953642384 0.9328125 0.11479028697571744 0.08750000000000001
1 0.6843267108167771 0.8546875 0.11479028697571744 0.09062500000000001
1 0.7461368653421634 0.3609375 0.12362030905077262 0.07187500000000001
1 0.7615894039735099 0.66796875 0.18543046357615894 0.1390625
1 0.8565121412803532 0.265625 0.19426048565121412 0.146875
1 0.11589403973509933 0.4921875 0.09492273730684327 0.07187500000000001
1 0.1401766004415011 0.915625 0.2052980132450331 0.12812500000000002
