1 0.20344827586206896 0.8500000000000001 0.12183908045977011 0.07500000000000001
1 0.5137931034482759 0.84375 0.15402298850574714 0.1
1 0.1103448275862069 0.8859375 0.17471264367816092 0.13125
1 0.20459770114942527 0.22812500000000002 0.22528735632183908 0.16875
1 0.11379310344827587 0.8828125 0.10344827586206896 0.059375000000000004
1 0.3689655172413793 0.38906250000000003 0.15402298850574714 0.115625
1 0.6149425287356322 0.22109375 0.20459770114942527 0.1328125
1 0.22758620689655173 0.484375 0.24367816091954023 0.1375
1 0.07816091954022988 0.9296875 0.12413793103448276 0.09062500000000001
1 0.24482758620689654 0.6937500000000001 0.20459770114942527 0.12812500000000002
