1 0.89937106918239 0.3875 0.11320754716981132 0.115625
1 0.24318658280922434 0.096875 0.13417190775681342 0.096875
1 0.4371069182389937 0.9437500000000001 0.11530398322851154 0.08125
1 0.5041928721174005 0.33359375 0.09433962264150944 0.0671875
1 0.8165618448637317 0.39609375 0.20754716981132076 0.1265625
1 0.629979035639413 0.38046875 0.22431865828092246 0.15781250000000002
1 0.8322851153039833 0.48671875000000003 0.18448637316561844 0.1203125
1 0.2368972746331237 0.62265625 0.18448637316561844 0.1203125
1 0.8469601677148847 0.7375 0.15513626834381553 0.134375
1 0.6865828092243187 0.7296875 0.24528301886792453 0.178125
1 0.09014675052410902 0.82734375 0.12578616352201258 0.0890625
