1 0.47584033613445376 0.7921875 0.09453781512605042 0.07500000000000001
1 0.37079831932773105 0.5765625 0.17436974789915966 0.1375
1 0.41701680672268904 0.4703125 0.17436974789915966 0.13125
1 0.3214285714285714 0.75546875 0.21428571428571427 0.1703125
1 0.9296218487394957 0.7406250000000001 0.11554621848739495 0.09062500000000001
1 0.18592436974789917 0.49531250000000004 0.24579831932773108 0.17500000000000002
1 0.7258403361344538 0.7820312500000001 0.20378151260504201 0.1484375
1 0.5451680672268907 0.74921875 0.12394957983193276 0.09843750000000001
1 0.07247899159663865 0.13203125000000002 0.1449579831932773 0.11406250000000001
1 0.8119747899159664 0.384375 0.09453781512605042 0.07500000000000001
1 0.25210084033613445 0.14609375 0.1638655462184874 0.0859375
