1 0.67734375 0.3908898305084746 0.15781250000000002 0.163135593220339
1 0.87421875 0.1451271186440678 0.1171875 0.15466101694915255
1 0.38828125 0.836864406779661 0.20468750000000002 0.2457627118644068
1 0.15781250000000002 0.4470338983050847 0.13125 0.17372881355932204
1 0.6625000000000001 0.527542372881356 0.1625 0.19491525423728814
1 0.3671875 0.274364406779661 0.1625 0.1461864406779661
1 0.37031250000000004 0.4057203389830508 0.15000000000000002 0.21398305084745764
1 0.6015625 0.4502118644067797 0.096875 0.125
1 0.27109375 0.3644067796610169 0.15156250000000002 0.19491525423728814
1 0.45 0.11440677966101695 0.1375 0.1652542372881356
