1 0.45795454545454545 0.7765625 0.22499999999999998 0.13125
1 0.8488636363636364 0.5789062500000001 0.22499999999999998 0.1484375
1 0.25227272727272726 0.596875 0.20454545454545453 0.12187500000000001
1 0.22954545454545452 0.48671875000000003 0.21363636363636362 0.1390625
1 0.46136363636363636 0.16484375 0.16363636363636364 0.11093750000000001
1 0.8034090909090909 0.3328125 0.125 0.08125
1 0.7022727272727273 0.9187500000000001 0.11363636363636363 0.06875
1 0.5102272727272728 0.30234375 0.22499999999999998 0.13593750000000002
1 0.4329545454545454 0.7359375 0.18409090909090908 0.109375
1 0.5147727272727273 0.628125 0.23409090909090907 0.140625
1 0.6227272727272727 0.721875 0.16363636363636364 0.109375
