1 0.62421875 0.15469061876247503 0.0859375 0.11776447105788422
1 0.11093750000000001 0.6716566866267465 0.16562500000000002 0.2055888223552894
1 0.21953125 0.3323353293413173 0.18281250000000002 0.22554890219560877
1 0.6671875 0.1337325349301397 0.109375 0.13572854291417163
1 0.62421875 0.6077844311377245 0.1640625 0.18562874251497005
1 0.30234375 0.5648702594810379 0.09531250000000001 0.11576846307385229
1 0.47890625000000003 0.1337325349301397 0.2109375 0.23552894211576844
1 0.5671875000000001 0.25748502994011974 0.171875 0.21556886227544908
1 0.7234375000000001 0.3552894211576846 0.19062500000000002 0.21556886227544908
1 0.6640625 0.7614770459081835 0.146875 0.1656686626746507
1 0.88203125 0.23852295409181634 0.22031250000000002 0.24550898203592814
