1 0.8105882352941176 0.7484375000000001 0.20470588235294115 0.11875000000000001
1 0.11411764705882352 0.7890625 0.14352941176470588 0.09062500000000001
1 0.3705882352941176 0.0859375 0.1341176470588235 0.08125
1 0.37882352941176467 0.46406250000000004 0.16470588235294117 0.10312500000000001
1 0.4305882352941176 0.8015625000000001 0.09411764705882353 0.08750000000000001
1 0.7905882352941176 0.32734375000000004 0.16470588235294117 0.1046875
1 0.1952941176470588 0.10859375 0.18352941176470586 0.1078125
1 0.3494117647058823 0.7921875 0.20470588235294115 0.1125
1 0.8835294117647058 0.68125 0.22352941176470587 0.13125
1 0.3305882352941176 0.3015625 0.18117647058823527 0.115625
1 0.2188235294117647 0.33359375 0.16470588235294117 0.1203125
