1 0.12734375 0.3846960167714885 0.0890625 0.11530398322851154
1 0.35000000000000003 0.3878406708595388 0.1 0.12578616352201258
1 0.24296875 0.7117400419287212 0.13593750000000002 0.1949685534591195
1 0.8234375 0.20230607966457023 0.1 0.14465408805031446
1 0.68125 0.7505241090146751 0.096875 0.12578616352201258
1 0.44843750000000004 0.2578616352201258 0.16875 0.2138364779874214
1 0.3953125 0.22851153039832287 0.08125 0.10482180293501049
1 0.08671875000000001 0.13417190775681342 0.15781250000000002 0.2138364779874214
1 0.59921875 0.1079664570230608 0.1390625 0.1740041928721174
1 0.44453125000000004 0.4779874213836478 0.1609375 0.20545073375262055
