1 0.6468750000000001 0.8521276595744681 0.140625 0.1851063829787234
1 0.1703125 0.8861702127659574 0.1375 0.16382978723404257
1 0.6484375 0.3095744680851064 0.12187500000000001 0.1851063829787234
1 0.8609375 0.1925531914893617 0.203125 0.24468085106382978
1 0.5593750000000001 0.1276595744680851 0.153125 0.2042553191489362
1 0.09843750000000001 0.5085106382978724 0.1625 0.2042553191489362
1 0.36015625 0.8138297872340425 0.1015625 0.15531914893617021
1 0.2890625 0.7563829787234043 0.10312500000000001 0.12553191489361704
1 0.051562500000000004 0.6840425531914893 0.0625 0.09574468085106383
1 0.6546875000000001 0.10531914893617021 0.08750000000000001 0.10425531914893617
