1 0.16230936819172115 0.18125000000000002 0.11546840958605666 0.078125
1 0.2690631808278867 0.71640625 0.09368191721132899 0.06406250000000001
1 0.5838779956427016 0.5484375 0.23965141612200438 0.16875
1 0.5348583877995643 0.7937500000000001 0.09368191721132899 0.065625
1 0.3899782135076253 0.62421875 0.14379084967320263 0.1015625
1 0.5392156862745099 0.35546875 0.224400871459695 0.1546875
1 0.8474945533769064 0.40625 0.13507625272331156 0.084375
1 0.786492374727669 0.578125 0.23529411764705885 0.1625
1 0.35511982570806105 0.225 0.1655773420479303 0.115625
1 0.22984749455337694 0.8539062500000001 0.19389978213507628 0.13593750000000002
1 0.0925925925925926 0.675 0.15468409586056647 0.096875
