1 0.33671875 0.6758241758241759 0.2265625 0.23516483516483516
1 0.20390625 0.8 0.07968750000000001 0.11428571428571428
1 0.21796875000000002 0.6087912087912087 0.16718750000000002 0.22417582417582418
1 0.81640625 0.3263736263736264 0.0484375 0.02857142857142857
1 0.7609375 0.2175824175824176 0.065625 0.18461538461538463
1 0.33515625000000004 0.7703296703296704 0.11406250000000001 0.16483516483516483
1 0.8460937500000001 0.21428571428571427 0.1640625 0.24395604395604395
1 0.07265625 0.6472527472527473 0.11406250000000001 0.16483516483516483
1 0.59375 0.6989010989010989 0.1375 0.18461538461538463
1 0.3953125 0.2714285714285714 0.12812500000000002 0.17362637362637362
1 0.4890625 0.15384615384615385 0.078125 0.1054945054945055
