1 0.6633554083885209 0.553125 0.09050772626931568 0.065625
1 0.8664459161147903 0.26171875 0.1434878587196468 0.0859375
1 0.3498896247240618 0.89375 0.10375275938189846 0.078125
1 0.12693156732891833 0.73359375 0.2141280353200883 0.1640625
1 0.890728476821192 0.3359375 0.16556291390728478 0.125
1 0.5507726269315674 0.33203125 0.24503311258278146 0.16718750000000002
1 0.5805739514348786 0.503125 0.19426048565121412 0.15000000000000002
1 0.9337748344370861 0.56015625 0.12362030905077262 0.0921875
1 0.4602649006622517 0.43125 0.16556291390728478 0.11875000000000001
1 0.6401766004415012 0.43203125000000003 0.1545253863134658 0.1078125
1 0.4304635761589404 0.56640625 0.2251655629139073 0.1609375
1 0.8598233995584988 0.16875 0.09492273730684327 0.07187500000000001
