1 0.27243589743589747 0.134375 0.10470085470085472 0.08125
1 0.8536324786324787 0.5234375 0.10042735042735043 0.07187500000000001
1 0.05982905982905984 0.27109375 0.10256410256410257 0.0921875
1 0.16452991452991456 0.24531250000000002 0.20512820512820515 0.14375000000000002
1 0.6217948717948718 0.8757812500000001 0.09401709401709403 0.0734375
1 0.8792735042735044 0.46328125000000003 0.16452991452991456 0.1296875
1 0.5470085470085471 0.19609375 0.1452991452991453 0.11406250000000001
1 0.702991452991453 0.65390625 0.12393162393162395 0.0890625
1 0.5341880341880343 0.659375 0.15384615384615385 0.12187500000000001
1 0.13247863247863248 0.08281250000000001 0.17521367521367523 0.1375
1 0.22222222222222224 0.59140625 0.09401709401709403 0.0734375
1 0.41132478632478636 0.36796875 0.16452991452991456 0.1296875
