1 0.5044150110375276 0.27890625 0.13024282560706402 0.1015625
1 0.869757174392936 0.18203125 0.19426048565121412 0.1296875
1 0.26269315673289184 0.90546875 0.11479028697571744 0.1171875
1 0.7637969094922737 0.4703125 0.12362030905077262 0.07187500000000001
1 0.16335540838852097 0.51796875 0.18543046357615894 0.1203125
1 0.13245033112582782 0.9 0.19426048565121412 0.146875
1 0.32339955849889623 0.12421875 0.2052980132450331 0.1328125
1 0.9392935982339956 0.38828125 0.09492273730684327 0.06406250000000001
1 0.847682119205298 0.8921875 0.23399558498896247 0.178125
1 0.7814569536423841 0.09609375 0.1545253863134658 0.1171875
1 0.41721854304635764 0.21953125 0.2251655629139073 0.1453125
