1 0.2578125 0.4364406779661017 0.215625 0.22542372881355932
1 0.47421875 0.6 0.17343750000000002 0.1559322033898305
1 0.328125 0.6406779661016949 0.1375 0.1864406779661017
1 0.68359375 0.23220338983050848 0.1484375 0.16610169491525423
1 0.7640625000000001 0.771186440677966 0.12187500000000001 0.13559322033898305
1 0.5046875000000001 0.5067796610169492 0.17500000000000002 0.1864406779661017
1 0.209375 0.6008474576271187 0.15000000000000002 0.13389830508474576
1 0.6648437500000001 0.5288135593220339 0.13593750000000002 0.1559322033898305
1 0.1859375 0.7432203389830508 0.19375 0.22542372881355932
1 0.85078125 0.5728813559322034 0.09531250000000001 0.10508474576271186
1 0.6125 0.8067796610169491 0.08125 0.13898305084745763
1 0.55 0.7830508474576271 0.15625 0.16610169491525423
