1 0.76171875 0.40618101545253865 0.1390625 0.18543046357615894
1 0.32890625 0.5110375275938189 0.15781250000000002 0.2141280353200883
1 0.18515625000000002 0.18322295805739514 0.17343750000000002 0.23399558498896247
1 0.94140625 0.8465783664459161 0.08281250000000001 0.11258278145695365
1 0.5609375 0.5695364238410596 0.140625 0.15894039735099338
1 0.54921875 0.4492273730684327 0.13593750000000002 0.18322295805739514
1 0.45546875000000003 0.37748344370860926 0.17343750000000002 0.23399558498896247
1 0.29531250000000003 0.8885209713024282 0.13125 0.15673289183222958
1 0.9148437500000001 0.7869757174392936 0.11093750000000001 0.1434878587196468
1 0.8296875 0.4856512141280353 0.171875 0.2251655629139073
1 0.465625 0.7847682119205298 0.08125 0.09492273730684327
1 0.29921875000000003 0.7328918322295805 0.1484375 0.18543046357615894
