1 0.58203125 0.4768518518518518 0.06406250000000001 0.05555555555555555
1 0.5609375 0.5775462962962963 0.140625 0.21527777777777776
1 0.16875 0.2824074074074074 0.109375 0.21296296296296297
1 0.375 0.31481481481481477 0.084375 0.13425925925925924
1 0.1046875 0.35995370370370366 0.15937500000000002 0.20601851851851852
1 0.1125 0.6226851851851851 0.096875 0.13425925925925924
1 0.08828125 0.25578703703703703 0.1078125 0.1550925925925926
1 0.5281250000000001 0.3171296296296296 0.11875000000000001 0.18518518518518517
1 0.290625 0.6643518518518519 0.09062500000000001 0.125
1 0.1703125 0.5347222222222222 0.09062500000000001 0.14351851851851852
