1 0.91015625 0.7776470588235294 0.0765625 0.11529411764705881
1 0.26640625 0.28117647058823525 0.0859375 0.1341176470588235
1 0.14453125 0.2929411764705882 0.1703125 0.24235294117647058
1 0.29609375 0.8988235294117646 0.11093750000000001 0.1552941176470588
1 0.66796875 0.2894117647058823 0.06406250000000001 0.10352941176470587
1 0.74609375 0.8929411764705881 0.1078125 0.14352941176470588
1 0.88046875 0.7494117647058823 0.1015625 0.1341176470588235
1 0.2765625 0.548235294117647 0.10625000000000001 0.1552941176470588
1 0.1796875 0.3717647058823529 0.140625 0.2352941176470588
1 0.81796875 0.6388235294117647 0.0703125 0.11529411764705881
