1 0.6312500000000001 0.6445147679324894 0.096875 0.09071729957805906
1 0.4734375 0.07172995780590717 0.09375 0.1350210970464135
1 0.25859375 0.16983122362869196 0.1421875 0.20464135021097044
1 0.08984375 0.7415611814345991 0.1078125 0.14556962025316456
1 0.51171875 0.22046413502109702 0.1078125 0.14556962025316456
1 0.30625 0.12658227848101264 0.07187500000000001 0.10548523206751054
1 0.29765625 0.5295358649789029 0.1640625 0.2151898734177215
1 0.66015625 0.4082278481012658 0.0859375 0.12447257383966244
1 0.34453125 0.36814345991561176 0.1640625 0.22573839662447256
1 0.70703125 0.8491561181434598 0.1296875 0.1751054852320675
1 0.16015625 0.8818565400843881 0.07968750000000001 0.07172995780590717
1 0.16484375 0.7921940928270041 0.1078125 0.15400843881856538
