1 0.71015625 0.5869565217391305 0.1453125 0.1853546910755149
1 0.19609375 0.7288329519450801 0.1921875 0.2448512585812357
1 0.55625 0.45080091533180777 0.05625 0.10983981693363845
1 0.49843750000000003 0.488558352402746 0.1375 0.1945080091533181
1 0.31640625 0.7986270022883295 0.0890625 0.11441647597254005
1 0.8640625000000001 0.5217391304347826 0.16875 0.2334096109839817
1 0.6125 0.13729977116704806 0.15000000000000002 0.2151029748283753
1 0.2609375 0.5320366132723112 0.153125 0.1945080091533181
1 0.115625 0.6006864988558352 0.09375 0.13501144164759726
1 0.7757812500000001 0.6521739130434783 0.0890625 0.12356979405034325
