1 0.9015625 0.3907563025210084 0.109375 0.15546218487394958
1 0.33359375 0.8644957983193277 0.1765625 0.22478991596638653
1 0.55390625 0.3686974789915966 0.1078125 0.1449579831932773
1 0.5421875 0.5346638655462185 0.08125 0.10714285714285714
1 0.58203125 0.6271008403361344 0.1390625 0.17436974789915966
1 0.1796875 0.5157563025210083 0.153125 0.17857142857142858
1 0.084375 0.3067226890756302 0.115625 0.15546218487394958
1 0.13828125 0.226890756302521 0.1203125 0.1638655462184874
1 0.24531250000000002 0.4369747899159664 0.10625000000000001 0.13445378151260504
1 0.78125 0.3602941176470588 0.12812500000000002 0.17436974789915966
1 0.16562500000000002 0.6491596638655462 0.115625 0.15546218487394958
