1 0.74765625 0.5938189845474614 0.1421875 0.19426048565121412
1 0.5015625 0.16777041942604856 0.140625 0.2251655629139073
1 0.53046875 0.5993377483443708 0.1203125 0.16556291390728478
1 0.2625 0.45584988962472406 0.06875 0.09492273730684327
1 0.36171875000000003 0.2671081677704194 0.1703125 0.23399558498896247
1 0.509375 0.18211920529801323 0.07500000000000001 0.10375275938189846
1 0.49765625 0.8962472406181016 0.08281250000000001 0.12362030905077262
1 0.20703125 0.4083885209713024 0.08281250000000001 0.12362030905077262
1 0.6359375 0.19757174392935983 0.15625 0.2141280353200883
1 0.6734375 0.9017660044150111 0.12187500000000001 0.17439293598233996
