1 0.7359375 0.5052742616033755 0.09375 0.12447257383966244
1 0.9328125 0.3575949367088607 0.10625000000000001 0.15400843881856538
1 0.93359375 0.06118143459915611 0.0890625 0.11392405063291139
1 0.603125 0.8976793248945147 0.08125 0.10337552742616032
1 0.6429687500000001 0.45042194092827 0.1171875 0.15400843881856538
1 0.76171875 0.22151898734177214 0.1796875 0.2151898734177215
1 0.7054687500000001 0.35548523206751054 0.1296875 0.15400843881856538
1 0.359375 0.3586497890295358 0.096875 0.11392405063291139
1 0.5328125 0.13185654008438819 0.096875 0.12447257383966244
1 0.8859375 0.35548523206751054 0.10625000000000001 0.12447257383966244
1 0.60078125 0.780590717299578 0.1046875 0.1350210970464135
1 0.184375 0.47573839662447254 0.1125 0.14556962025316456
