1 0.20546875 0.7542735042735044 0.15781250000000002 0.23504273504273507
1 0.24375000000000002 0.5160256410256411 0.078125 0.10897435897435899
1 0.22734375 0.1452991452991453 0.0859375 0.12393162393162395
1 0.6578125 0.4850427350427351 0.16875 0.2136752136752137
1 0.33671875 0.1826923076923077 0.1859375 0.24572649572649574
1 0.07734375 0.46688034188034194 0.08281250000000001 0.10470085470085472
1 0.8140625 0.49252136752136755 0.09062500000000001 0.13461538461538464
1 0.46328125000000003 0.3247863247863248 0.17343750000000002 0.23504273504273507
1 0.09375 0.2542735042735043 0.109375 0.1452991452991453
1 0.22578125000000002 0.4294871794871795 0.09531250000000001 0.12393162393162395
1 0.8609375 0.7905982905982907 0.125 0.18376068376068377
1 0.76328125 0.1217948717948718 0.06406250000000001 0.09401709401709403
