1 0.23885350318471338 0.2859375 0.0870488322717622 0.153125
1 0.6868365180467091 0.8679687500000001 0.1040339702760085 0.0734375
1 0.3768577494692144 0.6953125 0.2356687898089172 0.17500000000000002
1 0.46602972399150744 0.23125 0.12526539278131635 0.03125
1 0.4596602972399151 0.33203125 0.24416135881104034 0.1921875
1 0.7091295116772823 0.3140625 0.22505307855626328 0.16562500000000002
1 0.7484076433121019 0.8289062500000001 0.1040339702760085 0.08281250000000001
1 0.49469214437367304 0.884375 0.1740976645435244 0.12812500000000002
1 0.6242038216560509 0.27734375 0.19532908704883226 0.1421875
1 0.7791932059447982 0.6101562500000001 0.19532908704883226 0.1453125
1 0.346072186836518 0.28671875 0.22505307855626328 0.1640625
