1 0.524625267665953 0.534375 0.17558886509635976 0.1125
1 0.40899357601713066 0.6140625000000001 0.09421841541755889 0.065625
1 0.14775160599571735 0.74765625 0.15417558886509636 0.09843750000000001
1 0.3533190578158458 0.17500000000000002 0.23554603854389722 0.15000000000000002
1 0.2291220556745182 0.84140625 0.09421841541755889 0.060937500000000006
1 0.84796573875803 0.9125000000000001 0.23554603854389722 0.153125
1 0.8394004282655246 0.7921875 0.17558886509635976 0.1125
1 0.15845824411134904 0.3953125 0.15417558886509636 0.10625000000000001
1 0.17237687366167023 0.26640625 0.1948608137044968 0.1390625
1 0.3854389721627409 0.76953125 0.17558886509635976 0.1203125
1 0.21413276231263384 0.06328125 0.11563169164882228 0.0734375
