1 0.2058823529411765 0.13593750000000002 0.15384615384615385 0.08750000000000001
1 0.24321266968325794 0.7562500000000001 0.13348416289592763 0.09062500000000001
1 0.1990950226244344 0.40468750000000003 0.23529411764705885 0.146875
1 0.24321266968325794 0.19843750000000002 0.19230769230769232 0.11875000000000001
1 0.41289592760181 0.14375000000000002 0.2149321266968326 0.140625
1 0.2228506787330317 0.33203125 0.165158371040724 0.1078125
1 0.5101809954751132 0.8546875 0.10180995475113123 0.0625
1 0.6153846153846154 0.8054687500000001 0.14479638009049775 0.0859375
1 0.3970588235294118 0.8265625000000001 0.165158371040724 0.109375
1 0.24208144796380093 0.65 0.19457013574660637 0.11875000000000001
1 0.6742081447963801 0.39140625 0.15384615384615385 0.1046875
