1 0.77890625 0.6822033898305084 0.1234375 0.19915254237288135
1 0.571875 0.3389830508474576 0.125 0.11864406779661017
1 0.47890625000000003 0.3940677966101695 0.1046875 0.1440677966101695
1 0.8656250000000001 0.3315677966101695 0.1625 0.23516949152542374
1 0.58125 0.8495762711864406 0.10625000000000001 0.1016949152542373
1 0.07421875 0.24470338983050846 0.07968750000000001 0.1038135593220339
1 0.7296875 0.6472457627118644 0.140625 0.2055084745762712
1 0.62109375 0.486228813559322 0.1078125 0.1843220338983051
1 0.57578125 0.5063559322033898 0.0734375 0.11016949152542373
1 0.8304687500000001 0.3411016949152542 0.0921875 0.13559322033898305
1 0.5320312500000001 0.4629237288135593 0.1265625 0.1843220338983051
