1 0.51953125 0.27764976958525345 0.1015625 0.0944700460829493
1 0.58984375 0.1347926267281106 0.1421875 0.20506912442396313
1 0.55625 0.5368663594470046 0.084375 0.1152073732718894
1 0.6234375000000001 0.7511520737327189 0.07500000000000001 0.08755760368663594
1 0.51015625 0.14170506912442396 0.1453125 0.20506912442396313
1 0.14140625 0.6428571428571429 0.1640625 0.1935483870967742
1 0.7484375000000001 0.38018433179723504 0.13125 0.18433179723502305
1 0.16562500000000002 0.7315668202764977 0.17500000000000002 0.21428571428571427
1 0.26875 0.3087557603686636 0.065625 0.12442396313364056
1 0.58046875 0.8237327188940092 0.1640625 0.21428571428571427
1 0.33125000000000004 0.35944700460829493 0.16562500000000002 0.2350230414746544
1 0.45156250000000003 0.6002304147465438 0.08750000000000001 0.14516129032258066
