1 0.22031250000000002 0.49454148471615716 0.134375 0.185589519650655
1 0.5734375 0.05786026200873362 0.11875000000000001 0.11135371179039301
1 0.56953125 0.9235807860262009 0.0859375 0.11353711790393012
1 0.9187500000000001 0.4661572052401746 0.07187500000000001 0.09388646288209607
1 0.57421875 0.18995633187772926 0.17343750000000002 0.21397379912663755
1 0.36015625 0.8307860262008733 0.2015625 0.22925764192139736
1 0.859375 0.8482532751091703 0.09062500000000001 0.12445414847161572
1 0.8406250000000001 0.5174672489082969 0.084375 0.11353711790393012
1 0.546875 0.6189956331877728 0.09062500000000001 0.12445414847161572
1 0.390625 0.7019650655021834 0.16562500000000002 0.22489082969432314
1 0.73984375 0.3002183406113537 0.1921875 0.2336244541484716
