1 0.8210412147505424 0.40468750000000003 0.18004338394793926 0.07500000000000001
1 0.3882863340563991 0.5398437500000001 0.20390455531453364 0.15781250000000002
1 0.3524945770065076 0.17890625000000002 0.1843817787418655 0.1265625
1 0.8156182212581345 0.30546875 0.08676789587852494 0.06406250000000001
1 0.08676789587852494 0.5875 0.10412147505422994 0.065625
1 0.7342733188720174 0.47265625 0.13232104121475055 0.1296875
1 0.38177874186550975 0.33515625000000004 0.19522776572668113 0.1328125
1 0.5607375271149675 0.92578125 0.14533622559652928 0.0921875
1 0.45119305856832975 0.7445312500000001 0.19522776572668113 0.1234375
1 0.7017353579175705 0.29453125 0.1540130151843818 0.1078125
1 0.8340563991323211 0.47968750000000004 0.1843817787418655 0.12812500000000002
