1 0.24453125 0.2354211663066955 0.1203125 0.15550755939524838
1 0.54609375 0.13714902807775378 0.0859375 0.1144708423326134
1 0.50546875 0.6058315334773219 0.1453125 0.21382289416846653
1 0.6804687500000001 0.2570194384449244 0.08281250000000001 0.10367170626349892
1 0.19921875 0.5377969762419007 0.1765625 0.224622030237581
1 0.6875 0.7840172786177106 0.078125 0.09503239740820735
1 0.2703125 0.7494600431965444 0.134375 0.16414686825053998
1 0.3796875 0.21598272138228944 0.11875000000000001 0.1511879049676026
1 0.32421875 0.1673866090712743 0.1609375 0.21382289416846653
1 0.38203125000000004 0.3639308855291577 0.15156250000000002 0.183585313174946
