1 0.34549356223175964 0.74921875 0.19313304721030042 0.11406250000000001
1 0.4302575107296137 0.6234375000000001 0.09227467811158799 0.10312500000000001
1 0.33905579399141633 0.65546875 0.2145922746781116 0.15156250000000002
1 0.8744635193133047 0.7578125 0.17381974248927037 0.11875000000000001
1 0.48605150214592274 0.38125000000000003 0.17381974248927037 0.134375
1 0.6448497854077253 0.846875 0.22532188841201717 0.153125
1 0.9345493562231759 0.5398437500000001 0.11373390557939914 0.08281250000000001
1 0.17489270386266095 0.06484375 0.16523605150214593 0.11093750000000001
1 0.6791845493562232 0.48515625 0.19527896995708155 0.15156250000000002
1 0.7907725321888412 0.81015625 0.1351931330472103 0.0921875
1 0.47317596566523606 0.7468750000000001 0.14377682403433475 0.1125
