1 0.45703125 0.15930232558139534 0.11093750000000001 0.16511627906976745
1 0.6546875000000001 0.5441860465116279 0.134375 0.21395348837209302
1 0.7992187500000001 0.8593023255813953 0.1171875 0.18372093023255814
1 0.3875 0.7453488372093023 0.109375 0.11395348837209301
1 0.51171875 0.3081395348837209 0.06406250000000001 0.09534883720930232
1 0.8617187500000001 0.2372093023255814 0.0921875 0.13488372093023254
1 0.12187500000000001 0.5302325581395348 0.15000000000000002 0.21395348837209302
1 0.509375 0.8604651162790697 0.096875 0.15348837209302324
1 0.7328125000000001 0.3674418604651163 0.1 0.14418604651162792
1 0.8546875 0.9034883720930232 0.07187500000000001 0.10465116279069767
1 0.8812500000000001 0.09186046511627907 0.065625 0.10465116279069767
1 0.68515625 0.813953488372093 0.1546875 0.22325581395348837
