1 0.08046875 0.513888888888889 0.07968750000000001 0.10470085470085472
1 0.5109375 0.8664529914529916 0.07187500000000001 0.10470085470085472
1 0.43359375 0.12072649572649574 0.1859375 0.2243589743589744
1 0.5421875 0.29273504273504275 0.178125 0.2136752136752137
1 0.50546875 0.49252136752136755 0.1015625 0.13461538461538464
1 0.44609375 0.1260683760683761 0.1046875 0.15384615384615385
1 0.8500000000000001 0.5021367521367522 0.134375 0.17521367521367523
1 0.39921875 0.3525641025641026 0.1609375 0.2435897435897436
1 0.35781250000000003 0.2061965811965812 0.10312500000000001 0.13461538461538464
1 0.5734375 0.8354700854700855 0.0625 0.09401709401709403
