1 0.3765625 0.38293216630196936 0.078125 0.1137855579868709
1 0.6234375000000001 0.8479212253829321 0.146875 0.19474835886214442
1 0.15156250000000002 0.6225382932166301 0.134375 0.16411378555798686
1 0.259375 0.41028446389496714 0.16562500000000002 0.22538293216630195
1 0.7976562500000001 0.6958424507658643 0.17343750000000002 0.21444201312910283
1 0.77734375 0.14442013129102843 0.0765625 0.1050328227571116
1 0.29765625 0.12582056892778992 0.15781250000000002 0.19474835886214442
1 0.53125 0.44529540481400437 0.19062500000000002 0.23413566739606126
1 0.46015625000000004 0.611597374179431 0.11406250000000001 0.15536105032822756
1 0.359375 0.8687089715536105 0.12812500000000002 0.175054704595186
