1 0.12734375 0.5215355805243446 0.1765625 0.13295880149812733
1 0.7156250000000001 0.8679775280898876 0.23125 0.2453183520599251
1 0.565625 0.8370786516853933 0.12812500000000002 0.0898876404494382
1 0.8765625 0.27153558052434457 0.171875 0.1947565543071161
1 0.20625000000000002 0.399812734082397 0.1125 0.15543071161048688
1 0.57734375 0.752808988764045 0.1546875 0.16479400749063672
1 0.2828125 0.8567415730337079 0.203125 0.2153558052434457
1 0.5632812500000001 0.350187265917603 0.0890625 0.10486891385767791
1 0.38828125 0.3342696629213483 0.18281250000000002 0.11423220973782772
1 0.1203125 0.4363295880149813 0.16875 0.1947565543071161
1 0.3765625 0.24344569288389514 0.215625 0.2247191011235955
1 0.44921875 0.7659176029962547 0.1171875 0.1348314606741573
