1 0.7625000000000001 0.9049217002237137 0.1 0.15436241610738255
1 0.6265625 0.35011185682326623 0.153125 0.22595078299776286
1 0.37812500000000004 0.5492170022371364 0.153125 0.2348993288590604
1 0.54609375 0.7293064876957495 0.11093750000000001 0.116331096196868
1 0.884375 0.47874720357941836 0.15625 0.21476510067114093
1 0.275 0.28523489932885904 0.140625 0.19463087248322147
1 0.36796875 0.06375838926174497 0.08281250000000001 0.11409395973154363
1 0.48671875000000003 0.7953020134228188 0.1046875 0.15436241610738255
1 0.44609375 0.7214765100671141 0.1078125 0.16331096196868009
1 0.6101562500000001 0.4597315436241611 0.1015625 0.15436241610738255
