1 0.20234375000000002 0.5364464692482915 0.0421875 0.07517084282460136
1 0.5828125000000001 0.8804100227790432 0.153125 0.18451025056947606
1 0.690625 0.8143507972665147 0.059375000000000004 0.0888382687927107
1 0.45234375000000004 0.8428246013667425 0.0671875 0.10478359908883826
1 0.65625 0.7676537585421412 0.115625 0.15489749430523916
1 0.15234375 0.4236902050113895 0.1453125 0.20501138952164008
1 0.19609375 0.4259681093394077 0.0671875 0.10478359908883826
1 0.55234375 0.857630979498861 0.0859375 0.13439635535307518
1 0.3203125 0.6662870159453302 0.153125 0.1298405466970387
1 0.753125 0.4009111617312073 0.13125 0.20501138952164008
1 0.15781250000000002 0.6389521640091116 0.17500000000000002 0.23462414578587698
1 0.30859375 0.5478359908883826 0.18281250000000002 0.24373576309794986
