2 0.8851562500000001 0.2558983666061706 0.1015625 0.15607985480943737
2 0.69296875 0.6987295825771325 0.1546875 0.23593466424682394
2 0.33359375 0.6932849364791288 0.1078125 0.15607985480943737
2 0.15000000000000002 0.7114337568058076 0.15625 0.22504537205081668
2 0.6039062500000001 0.12976406533575316 0.1015625 0.17604355716878403
2 0.52109375 0.396551724137931 0.0734375 0.16515426497277677
2 0.41875 0.7731397459165154 0.08750000000000001 0.19600725952813067
2 0.6351562500000001 0.3720508166969147 0.13593750000000002 0.19600725952813067
2 0.77265625 0.6642468239564429 0.08281250000000001 0.1851179673321234
2 0.1453125 0.8856624319419237 0.09062500000000001 0.15607985480943737
2 0.8421875000000001 0.47549909255898365 0.13125 0.22504537205081668
