2 0.5515625000000001 0.7942583732057416 0.08125 0.15311004784688995
2 0.31640625 0.24760765550239233 0.060937500000000006 0.17464114832535885
2 0.40078125000000003 0.08732057416267942 0.0671875 0.16507177033492823
2 0.15156250000000002 0.2248803827751196 0.065625 0.14354066985645933
2 0.95625 0.14832535885167464 0.07187500000000001 0.13875598086124402
2 0.2859375 0.4354066985645933 0.0625 0.15311004784688995
2 0.6109375 0.6327751196172249 0.10312500000000001 0.17464114832535885
2 0.58984375 0.2643540669856459 0.11406250000000001 0.20813397129186603
2 0.553125 0.3827751196172249 0.14375000000000002 0.24401913875598086
2 0.91953125 0.25598086124401914 0.1203125 0.23444976076555024
2 0.0859375 0.7105263157894737 0.10625000000000001 0.23444976076555024
2 0.4734375 0.5239234449760766 0.1125 0.23444976076555024
