2 0.8152424942263279 0.125 0.14318706697459585 0.12812500000000002
2 0.5646651270207852 0.20390625 0.16397228637413394 0.1609375
2 0.24711316397228636 0.68515625 0.19861431870669746 0.21406250000000002
2 0.3371824480369515 0.31093750000000003 0.16628175519630484 0.215625
2 0.6524249422632794 0.78125 0.12702078521939952 0.15625
2 0.13279445727482678 0.6828125 0.12702078521939952 0.15625
2 0.6004618937644342 0.07109375 0.12471131639722864 0.1046875
2 0.2274826789838337 0.6570312500000001 0.10392609699769052 0.13593750000000002
2 0.09353348729792148 0.86640625 0.16397228637413394 0.1453125
2 0.1397228637413395 0.43281250000000004 0.17321016166281755 0.17500000000000002
