2 0.8094117647058823 0.58515625 0.17411764705882352 0.15156250000000002
2 0.21999999999999997 0.534375 0.15294117647058822 0.215625
2 0.32941176470588235 0.2828125 0.17411764705882352 0.14375000000000002
2 0.5188235294117647 0.6507812500000001 0.1764705882352941 0.2265625
2 0.3305882352941176 0.8671875 0.025882352941176467 0.018750000000000003
2 0.19058823529411764 0.5398437500000001 0.12705882352941175 0.15156250000000002
2 0.4941176470588235 0.6765625000000001 0.10352941176470587 0.10312500000000001
2 0.26588235294117646 0.8070312500000001 0.17411764705882352 0.15156250000000002
2 0.08823529411764705 0.553125 0.1341176470588235 0.13125
2 0.4764705882352941 0.25859375 0.1952941176470588 0.1609375
2 0.2917647058823529 0.66015625 0.10352941176470587 0.1265625
2 0.11882352941176469 0.7265625 0.11529411764705881 0.1
