2 0.7406976744186047 0.9460937500000001 0.11395348837209301 0.0859375
2 0.7058139534883721 0.403125 0.11395348837209301 0.140625
2 0.277906976744186 0.7859375000000001 0.18372093023255814 0.16562500000000002
2 0.2372093023255814 0.38046875 0.2 0.1453125
2 0.5674418604651162 0.7171875000000001 0.22325581395348837 0.20625000000000002
2 0.13837209302325582 0.41953125 0.12325581395348836 0.1234375
2 0.4476744186046512 0.87109375 0.23488372093023255 0.16718750000000002
2 0.11511627906976744 0.9148437500000001 0.1744186046511628 0.1296875
2 0.49186046511627907 0.23593750000000002 0.23488372093023255 0.140625
2 0.3941860465116279 0.3375 0.07209302325581396 0.09375
2 0.8325581395348837 0.39453125 0.21395348837209302 0.2109375
2 0.5174418604651163 0.3140625 0.23488372093023255 0.209375
