2 0.4263392857142857 0.28046875 0.20982142857142855 0.15781250000000002
2 0.5814732142857143 0.2109375 0.16741071428571427 0.215625
2 0.9084821428571428 0.7890625 0.125 0.125
2 0.8191964285714285 0.51484375 0.16517857142857142 0.1453125
2 0.12053571428571427 0.81640625 0.16517857142857142 0.1640625
2 0.13950892857142858 0.15859375 0.234375 0.2015625
2 0.8459821428571428 0.22421875000000002 0.125 0.11093750000000001
2 0.23772321428571427 0.63671875 0.11383928571428571 0.0890625
2 0.359375 0.20703125 0.20535714285714285 0.15781250000000002
2 0.7578125 0.88046875 0.18526785714285712 0.1421875
