2 0.789906103286385 0.51796875 0.12441314553990611 0.1328125
2 0.32159624413145543 0.4890625 0.1643192488262911 0.125
2 0.20774647887323944 0.11015625000000001 0.1431924882629108 0.11406250000000001
2 0.27699530516431925 0.5867187500000001 0.14553990610328638 0.1546875
2 0.3744131455399061 0.640625 0.19953051643192488 0.184375
2 0.4671361502347418 0.640625 0.15492957746478875 0.12187500000000001
2 0.15140845070422534 0.57578125 0.2136150234741784 0.21406250000000002
2 0.6619718309859155 0.54921875 0.17370892018779344 0.07968750000000001
2 0.12441314553990611 0.8734375000000001 0.1643192488262911 0.16562500000000002
2 0.6338028169014085 0.46015625000000004 0.2347417840375587 0.2015625
