2 0.26015625000000003 0.7215909090909091 0.11093750000000001 0.18409090909090908
2 0.5453125 0.6306818181818181 0.125 0.18409090909090908
2 0.66328125 0.5772727272727273 0.0890625 0.19545454545454544
2 0.20234375000000002 0.26136363636363635 0.1234375 0.20454545454545453
2 0.85859375 0.6318181818181818 0.1234375 0.20454545454545453
2 0.7984375 0.5284090909090908 0.125 0.18409090909090908
2 0.6546875000000001 0.2477272727272727 0.065625 0.14545454545454545
2 0.384375 0.35909090909090907 0.11875000000000001 0.19545454545454544
2 0.47500000000000003 0.2545454545454545 0.12812500000000002 0.21363636363636362
2 0.659375 0.7113636363636363 0.05 0.09545454545454544
2 0.134375 0.43636363636363634 0.1 0.16363636363636364
2 0.03359375 0.5477272727272727 0.0578125 0.11363636363636363
