2 0.33203125 0.8696145124716553 0.0671875 0.13378684807256236
2 0.7351562500000001 0.1326530612244898 0.11406250000000001 0.21541950113378686
2 0.453125 0.06575963718820863 0.0625 0.10430839002267574
2 0.94453125 0.5079365079365079 0.0421875 0.10430839002267574
2 0.3125 0.3219954648526077 0.09375 0.15419501133786848
2 0.6890625 0.3299319727891157 0.10312500000000001 0.17460317460317462
2 0.9070312500000001 0.5124716553287982 0.0671875 0.11337868480725624
2 0.25703125 0.7244897959183674 0.09843750000000001 0.21541950113378686
2 0.84375 0.41836734693877553 0.11875000000000001 0.22448979591836735
2 0.6578125 0.7709750566893424 0.08750000000000001 0.14512471655328799
2 0.9164062500000001 0.20975056689342403 0.07968750000000001 0.17460317460317462
2 0.20234375000000002 0.19727891156462585 0.0578125 0.11337868480725624
