2 0.5574712643678161 0.52890625 0.09425287356321839 0.1453125
2 0.828735632183908 0.5921875 0.15402298850574714 0.15000000000000002
2 0.2 0.27109375 0.11494252873563218 0.09843750000000001
2 0.4781609195402299 0.52734375 0.17011494252873563 0.1203125
2 0.8080459770114943 0.7578125 0.20459770114942527 0.1875
2 0.49885057471264366 0.56953125 0.12413793103448276 0.13593750000000002
2 0.12413793103448276 0.84921875 0.22528735632183908 0.20468750000000002
2 0.059770114942528735 0.46875 0.09195402298850575 0.115625
2 0.7563218390804598 0.7140625 0.13333333333333333 0.1125
2 0.16551724137931034 0.48750000000000004 0.10574712643678161 0.115625
2 0.4149425287356322 0.47265625 0.1954022988505747 0.16718750000000002
