2 0.6405529953917051 0.2015625 0.1935483870967742 0.078125
2 0.48502304147465436 0.5375 0.18663594470046083 0.153125
2 0.9101382488479263 0.18281250000000002 0.12442396313364056 0.1
2 0.8456221198156681 0.66796875 0.18433179723502305 0.1484375
2 0.2569124423963134 0.6046875 0.07142857142857142 0.09375
2 0.391705069124424 0.6156250000000001 0.24423963133640553 0.17500000000000002
2 0.3433179723502304 0.38515625000000003 0.1336405529953917 0.11093750000000001
2 0.17626728110599077 0.45625000000000004 0.20506912442396313 0.203125
2 0.6820276497695853 0.15937500000000002 0.12442396313364056 0.115625
2 0.9435483870967742 0.3765625 0.10368663594470046 0.078125
2 0.7430875576036866 0.75 0.20506912442396313 0.171875
2 0.7246543778801844 0.325 0.20506912442396313 0.084375
