2 0.44765625000000003 0.40250965250965254 0.1015625 0.13320463320463322
2 0.6062500000000001 0.25675675675675674 0.046875 0.11583011583011583
2 0.09140625000000001 0.3725868725868726 0.1234375 0.1891891891891892
2 0.4578125 0.6071428571428572 0.08125 0.19498069498069498
2 0.30546875 0.6766409266409267 0.1171875 0.2142857142857143
2 0.34375 0.8368725868725869 0.09062500000000001 0.2142857142857143
2 0.08750000000000001 0.6573359073359073 0.078125 0.17567567567567569
2 0.7078125000000001 0.1776061776061776 0.08750000000000001 0.13513513513513514
2 0.0859375 0.4864864864864865 0.078125 0.18532818532818535
2 0.46796875000000004 0.305984555984556 0.09531250000000001 0.22586872586872586
2 0.48281250000000003 0.2644787644787645 0.09062500000000001 0.16602316602316602
