2 0.6359375 0.6772300469483569 0.07500000000000001 0.1431924882629108
2 0.0921875 0.6056338028169014 0.078125 0.15492957746478875
2 0.6000000000000001 0.2007042253521127 0.040625 0.11502347417840376
2 0.45937500000000003 0.57981220657277 0.059375000000000004 0.1643192488262911
2 0.40234375 0.18661971830985916 0.0390625 0.11502347417840376
2 0.70234375 0.8767605633802817 0.0671875 0.13380281690140847
2 0.43828125 0.397887323943662 0.0734375 0.2136150234741784
2 0.73046875 0.05751173708920188 0.0390625 0.11502347417840376
2 0.9421875000000001 0.5176056338028169 0.07500000000000001 0.1431924882629108
2 0.75 0.4507042253521127 0.059375000000000004 0.1643192488262911
2 0.9328125 0.33215962441314556 0.096875 0.2136150234741784
