2 0.49062500000000003 0.9130925507900677 0.1 0.16478555304740405
2 0.40468750000000003 0.8386004514672686 0.05625 0.09255079006772009
2 0.065625 0.7234762979683972 0.10625000000000001 0.17381489841986456
2 0.4078125 0.6354401805869074 0.10625000000000001 0.12866817155756208
2 0.9296875 0.3882618510158013 0.09062500000000001 0.15349887133182843
2 0.4265625 0.15349887133182843 0.09375 0.18510158013544017
2 0.4078125 0.49774266365688485 0.11875000000000001 0.22347629796839727
2 0.74140625 0.3081264108352144 0.08281250000000001 0.16478555304740405
2 0.253125 0.7979683972911963 0.07500000000000001 0.12415349887133181
2 0.4140625 0.7562076749435666 0.06875 0.13544018058690743
