2 0.7734375 0.15384615384615385 0.15625 0.13626373626373625
2 0.3515625 0.5285714285714286 0.19687500000000002 0.16923076923076924
2 0.5750000000000001 0.5615384615384615 0.1375 0.2043956043956044
2 0.42109375000000004 0.823076923076923 0.0734375 0.12527472527472527
2 0.14375000000000002 0.3516483516483516 0.10625000000000001 0.18461538461538463
2 0.7265625 0.3879120879120879 0.134375 0.23516483516483516
2 0.84140625 0.910989010989011 0.0859375 0.13406593406593406
2 0.30625 0.8681318681318682 0.096875 0.14505494505494507
2 0.87421875 0.7857142857142857 0.1203125 0.2043956043956044
2 0.5453125 0.7956043956043956 0.15000000000000002 0.22417582417582418
2 0.0734375 0.3923076923076923 0.096875 0.08131868131868132
2 0.38046875 0.0967032967032967 0.0890625 0.18461538461538463
