2 0.49453125000000003 0.2689873417721519 0.1296875 0.22995780590717296
2 0.22187500000000002 0.6687763713080168 0.134375 0.21097046413502107
2 0.24375000000000002 0.8333333333333333 0.134375 0.2151898734177215
2 0.6890625 0.8902953586497889 0.215625 0.18143459915611812
2 0.34687500000000004 0.8080168776371307 0.07187500000000001 0.11392405063291139
2 0.434375 0.13924050632911392 0.11875000000000001 0.2151898734177215
2 0.21171875 0.14556962025316456 0.1296875 0.1940928270042194
2 0.8375 0.6751054852320675 0.115625 0.2151898734177215
2 0.40234375 0.3459915611814346 0.060937500000000006 0.11392405063291139
2 0.6882812500000001 0.4683544303797468 0.0765625 0.11392405063291139
2 0.46171875 0.8533755274261603 0.13593750000000002 0.20464135021097044
