2 0.7615546218487395 0.77265625 0.1323529411764706 0.1046875
2 0.3487394957983193 0.32109375 0.15546218487394958 0.15156250000000002
2 0.7258403361344538 0.6109375 0.06512605042016806 0.096875
2 0.7247899159663865 0.8601562500000001 0.23529411764705882 0.2171875
2 0.6859243697478992 0.23984375000000002 0.21638655462184872 0.2171875
2 0.2657563025210084 0.9125000000000001 0.09873949579831932 0.05625
2 0.5525210084033613 0.22421875000000002 0.12184873949579832 0.13593750000000002
2 0.4159663865546218 0.1421875 0.21428571428571427 0.203125
2 0.6428571428571428 0.7703125000000001 0.07983193277310924 0.115625
2 0.8350840336134453 0.41328125000000004 0.12394957983193276 0.13593750000000002
2 0.2815126050420168 0.8578125000000001 0.13445378151260504 0.12812500000000002
2 0.2415966386554622 0.5554687500000001 0.13865546218487396 0.1859375
