2 0.4234375 0.795662100456621 0.08750000000000001 0.23515981735159816
2 0.6429687500000001 0.54337899543379 0.1203125 0.2237442922374429
2 0.2609375 0.21118721461187212 0.13125 0.24429223744292236
2 0.5125000000000001 0.7203196347031963 0.12812500000000002 0.24429223744292236
2 0.40468750000000003 0.8127853881278538 0.046875 0.1050228310502283
2 0.7125 0.5125570776255708 0.1125 0.20319634703196346
2 0.8921875 0.6404109589041096 0.10625000000000001 0.19406392694063926
2 0.26171875 0.521689497716895 0.0859375 0.19406392694063926
2 0.11093750000000001 0.908675799086758 0.09375 0.1735159817351598
2 0.21640625000000002 0.5034246575342466 0.07968750000000001 0.14383561643835616
