2 0.4703125 0.10264900662251655 0.10625000000000001 0.2052980132450331
2 0.134375 0.7593818984547461 0.06875 0.11479028697571744
2 0.6843750000000001 0.8355408388520972 0.125 0.19646799116997793
2 0.7953125000000001 0.45143487858719644 0.09375 0.16556291390728478
2 0.24765625000000002 0.3057395143487859 0.1765625 0.152317880794702
2 0.71796875 0.7041942604856513 0.1234375 0.19426048565121412
2 0.853125 0.7880794701986755 0.15625 0.1368653421633554
2 0.05 0.7538631346578366 0.084375 0.16556291390728478
2 0.9125000000000001 0.4105960264900662 0.134375 0.2251655629139073
2 0.0921875 0.934878587196468 0.05 0.10375275938189846
