2 0.37340425531914895 0.8210937500000001 0.2148936170212766 0.2265625
2 0.1648936170212766 0.1625 0.12127659574468086 0.08750000000000001
2 0.2957446808510638 0.50390625 0.1148936170212766 0.11406250000000001
2 0.3127659574468085 0.22890625 0.1702127659574468 0.1765625
2 0.6478723404255319 0.7390625000000001 0.15531914893617021 0.14375000000000002
2 0.20957446808510638 0.8015625000000001 0.12553191489361704 0.1125
2 0.10319148936170212 0.7015625000000001 0.1851063829787234 0.215625
2 0.8212765957446808 0.6468750000000001 0.1148936170212766 0.15625
2 0.8957446808510638 0.478125 0.10638297872340426 0.146875
2 0.18723404255319148 0.08125 0.14893617021276595 0.15625
