2 0.86640625 0.5045351473922902 0.1265625 0.23356009070294786
2 0.45859375 0.13945578231292519 0.1046875 0.22448979591836735
2 0.9320312500000001 0.717687074829932 0.1015625 0.1836734693877551
2 0.6890625 0.09297052154195011 0.053125000000000006 0.14512471655328799
2 0.23515625 0.554421768707483 0.0578125 0.12471655328798187
2 0.8515625 0.6598639455782314 0.05 0.14512471655328799
2 0.78515625 0.22789115646258504 0.0578125 0.12471655328798187
2 0.3046875 0.0963718820861678 0.043750000000000004 0.12471655328798187
2 0.7718750000000001 0.7437641723356009 0.08125 0.15419501133786848
2 0.037500000000000006 0.11337868480725624 0.07187500000000001 0.20408163265306123
2 0.66171875 0.3378684807256236 0.0859375 0.163265306122449
2 0.659375 0.782312925170068 0.07500000000000001 0.14512471655328799
