2 0.639344262295082 0.17265625 0.234192037470726 0.1765625
2 0.32903981264637 0.93671875 0.12412177985948478 0.1078125
2 0.24121779859484777 0.634375 0.20140515222482436 0.19375
2 0.7915690866510539 0.2703125 0.1451990632318501 0.109375
2 0.8337236533957846 0.12109375 0.22482435597189696 0.15156250000000002
2 0.3337236533957845 0.265625 0.18501170960187355 0.15937500000000002
2 0.13817330210772832 0.68671875 0.234192037470726 0.1765625
2 0.7494145199063231 0.703125 0.15456674473067916 0.115625
2 0.1920374707259953 0.1453125 0.234192037470726 0.184375
2 0.48009367681498827 0.24140625000000002 0.16393442622950818 0.1234375
2 0.13348946135831383 0.225 0.17330210772833723 0.13125
2 0.44028103044496486 0.6484375 0.234192037470726 0.184375
