2 0.3045356371490281 0.7640625000000001 0.10367170626349892 0.046875
2 0.5032397408207344 0.43046875 0.09503239740820735 0.0421875
2 0.4989200863930886 0.5671875000000001 0.13390928725701945 0.115625
2 0.45896328293736505 0.8015625000000001 0.20518358531317496 0.17500000000000002
2 0.1393088552915767 0.52109375 0.21382289416846653 0.1640625
2 0.654427645788337 0.5765625 0.18142548596112312 0.16562500000000002
2 0.3142548596112311 0.146875 0.14470842332613393 0.06875
2 0.23218142548596113 0.21953125 0.20518358531317496 0.1796875
2 0.22030237580993522 0.21015625000000002 0.12526997840172788 0.1203125
2 0.5885529157667387 0.53359375 0.14470842332613393 0.1234375
2 0.695464362850972 0.27109375 0.19438444924406048 0.0859375
