2 0.484375 0.3216216216216216 0.171875 0.23603603603603604
2 0.54453125 0.6036036036036037 0.11093750000000001 0.16576576576576577
2 0.7453125 0.7531531531531531 0.05625 0.08288288288288288
2 0.26484375 0.7810810810810811 0.0921875 0.13513513513513514
2 0.8500000000000001 0.15315315315315314 0.09062500000000001 0.11531531531531532
2 0.86328125 0.3216216216216216 0.0859375 0.13513513513513514
2 0.81015625 0.8261261261261261 0.1796875 0.23603603603603604
2 0.8046875 0.46216216216216216 0.14375000000000002 0.22522522522522523
2 0.33906250000000004 0.7414414414414414 0.11875000000000001 0.18558558558558558
2 0.6421875 0.32522522522522523 0.146875 0.1963963963963964
2 0.93125 0.1891891891891892 0.11875000000000001 0.15495495495495495
2 0.88203125 0.8423423423423424 0.0765625 0.1063063063063063
