2 0.6046875 0.3286384976525822 0.134375 0.1596244131455399
2 0.09531250000000001 0.4894366197183099 0.06875 0.13380281690140847
2 0.8859375 0.8286384976525821 0.08125 0.18309859154929578
2 0.18125000000000002 0.4565727699530516 0.125 0.22300469483568075
2 0.7742187500000001 0.9002347417840376 0.0671875 0.11502347417840376
2 0.39609375 0.40610328638497656 0.1015625 0.15492957746478875
2 0.1390625 0.4119718309859155 0.084375 0.13849765258215962
2 0.60859375 0.4166666666666667 0.1203125 0.2136150234741784
2 0.12734375 0.2875586854460094 0.06406250000000001 0.1431924882629108
2 0.20234375000000002 0.7828638497652582 0.11406250000000001 0.20422535211267606
2 0.484375 0.744131455399061 0.07187500000000001 0.1643192488262911
