2 0.41722595078299773 0.7000000000000001 0.14541387024608501 0.11875000000000001
2 0.21476510067114093 0.9203125000000001 0.21476510067114093 0.09375
2 0.2539149888143177 0.39375000000000004 0.09619686800894854 0.078125
2 0.3713646532438479 0.6421875 0.12527964205816555 0.10625000000000001
2 0.47203579418344516 0.5 0.21029082774049215 0.215625
2 0.3221476510067114 0.8390625 0.12527964205816555 0.11875000000000001
2 0.6219239373601789 0.20468750000000002 0.09395973154362416 0.040625
2 0.656599552572707 0.6820312500000001 0.19463087248322147 0.1609375
2 0.5827740492170023 0.8234375 0.11409395973154363 0.084375
2 0.36017897091722595 0.38828125 0.1342281879194631 0.11406250000000001
2 0.7695749440715883 0.5078125 0.18344519015659955 0.171875
