2 0.1889400921658986 0.12734375 0.2350230414746544 0.1765625
2 0.36059907834101385 0.36484375 0.20506912442396313 0.1640625
2 0.6232718894009217 0.67734375 0.14516129032258066 0.060937500000000006
2 0.6082949308755761 0.8093750000000001 0.1336405529953917 0.134375
2 0.3824884792626728 0.7671875 0.12442396313364056 0.125
2 0.10944700460829493 0.321875 0.14516129032258066 0.12187500000000001
2 0.18778801843317972 0.8679687500000001 0.21428571428571427 0.21406250000000002
2 0.4078341013824885 0.43593750000000003 0.1152073732718894 0.09375
2 0.43894009216589863 0.21406250000000002 0.20506912442396313 0.146875
2 0.6566820276497696 0.36796875 0.24423963133640553 0.1015625
2 0.7707373271889401 0.88203125 0.21428571428571427 0.1765625
