2 0.1953125 0.43249427917620137 0.10625000000000001 0.09610983981693363
2 0.95625 0.3318077803203661 0.08125 0.16475972540045766
2 0.91015625 0.8466819221967964 0.0671875 0.10526315789473684
2 0.91328125 0.26773455377574373 0.11406250000000001 0.2242562929061785
2 0.10234375000000001 0.5091533180778032 0.1046875 0.2036613272311213
2 0.6179687500000001 0.16933638443935928 0.1203125 0.2151029748283753
2 0.47421875 0.3180778032036613 0.026562500000000003 0.041189931350114416
2 0.52578125 0.37986270022883295 0.1203125 0.2242562929061785
2 0.2484375 0.20137299771167047 0.05625 0.12356979405034325
2 0.49921875000000004 0.2299771167048055 0.0921875 0.14416475972540047
2 0.39921875 0.39473684210526316 0.1859375 0.16704805491990846
2 0.371875 0.12814645308924486 0.16562500000000002 0.15102974828375287
