2 0.2940503432494279 0.5421875 0.14416475972540047 0.12812500000000002
2 0.47254004576659037 0.5398437500000001 0.13501144164759726 0.11406250000000001
2 0.43249427917620137 0.878125 0.12356979405034325 0.125
2 0.2437070938215103 0.66015625 0.2036613272311213 0.17343750000000002
2 0.3135011441647597 0.55234375 0.11441647597254005 0.0921875
2 0.30434782608695654 0.6765625000000001 0.12356979405034325 0.09375
2 0.6945080091533181 0.28750000000000003 0.2448512585812357 0.10312500000000001
2 0.4954233409610984 0.15156250000000002 0.15331807780320367 0.13125
2 0.09382151029748284 0.33437500000000003 0.12356979405034325 0.1
2 0.30549199084668194 0.17421875 0.13501144164759726 0.0765625
2 0.28832951945080093 0.09296875 0.17391304347826086 0.1484375
2 0.6247139588100686 0.08828125 0.2151029748283753 0.1765625
