2 0.08805031446540881 0.78046875 0.15932914046121593 0.23593750000000002
2 0.4968553459119497 0.19843750000000002 0.12578616352201258 0.15625
2 0.16561844863731656 0.08203125 0.15513626834381553 0.15156250000000002
2 0.09119496855345913 0.8093750000000001 0.07337526205450734 0.115625
2 0.6603773584905661 0.18046875 0.13836477987421383 0.1859375
2 0.19811320754716982 0.8695312500000001 0.1949685534591195 0.1796875
2 0.22536687631027255 0.7984375 0.11530398322851154 0.10625000000000001
2 0.4067085953878407 0.909375 0.10482180293501049 0.10312500000000001
2 0.7536687631027255 0.3671875 0.22431865828092246 0.21250000000000002
2 0.40461215932914046 0.70078125 0.15513626834381553 0.15156250000000002
2 0.37735849056603776 0.1765625 0.19706498951781973 0.215625
2 0.3857442348008386 0.6843750000000001 0.10482180293501049 0.10312500000000001
