3 0.16015625 0.8894009216589862 0.0859375 0.17511520737327188
3 0.23359375000000002 0.3709677419354839 0.08281250000000001 0.1336405529953917
3 0.3640625 0.8133640552995391 0.10625000000000001 0.18433179723502305
3 0.04609375 0.630184331797235 0.06406250000000001 0.14516129032258066
3 0.6257812500000001 0.09907834101382489 0.0765625 0.1336405529953917
3 0.0625 0.15207373271889402 0.065625 0.1336405529953917
3 0.6273437500000001 0.6785714285714286 0.0765625 0.22350230414746544
3 0.878125 0.25 0.09375 0.21428571428571427
3 0.89453125 0.7788018433179723 0.1203125 0.1935483870967742
3 0.36796875 0.5599078341013825 0.0765625 0.12442396313364056
3 0.43359375 0.673963133640553 0.1171875 0.20506912442396313
3 0.28671875 0.6129032258064516 0.09843750000000001 0.18433179723502305
