3 0.5945312500000001 0.1927437641723356 0.15781250000000002 0.24489795918367346
3 0.48515625 0.40816326530612246 0.11093750000000001 0.19501133786848074
3 0.54296875 0.5011337868480725 0.0671875 0.16780045351473924
3 0.8265625000000001 0.8571428571428572 0.043750000000000004 0.11337868480725624
3 0.275 0.6020408163265306 0.13125 0.17460317460317462
3 0.3796875 0.46371882086167804 0.12812500000000002 0.22448979591836735
3 0.75390625 0.5521541950113379 0.060937500000000006 0.12471655328798187
3 0.51484375 0.608843537414966 0.0890625 0.22448979591836735
3 0.259375 0.4920634920634921 0.115625 0.20408163265306123
3 0.1796875 0.7335600907029479 0.11875000000000001 0.1836734693877551
