3 0.5862068965517241 0.053125000000000006 0.125 0.10625000000000001
3 0.4558189655172414 0.22968750000000002 0.20474137931034483 0.1875
3 0.7015086206896551 0.321875 0.20474137931034483 0.17500000000000002
3 0.1400862068965517 0.35234375 0.07758620689655173 0.1328125
3 0.7790948275862069 0.540625 0.10560344827586207 0.115625
3 0.08512931034482758 0.38984375000000004 0.16163793103448276 0.1765625
3 0.4084051724137931 0.7507812500000001 0.20474137931034483 0.2015625
3 0.20581896551724138 0.6078125000000001 0.10560344827586207 0.10312500000000001
3 0.4752155172413793 0.578125 0.10560344827586207 0.10312500000000001
3 0.1411637931034483 0.18906250000000002 0.20474137931034483 0.1875
3 0.5711206896551724 0.496875 0.1939655172413793 0.178125
3 0.8674568965517241 0.8343750000000001 0.10129310344827586 0.146875
