3 0.3383720930232558 0.31171875000000004 0.18372093023255814 0.1859375
3 0.1313953488372093 0.63671875 0.18372093023255814 0.1703125
3 0.39767441860465114 0.11953125 0.20465116279069767 0.13593750000000002
3 0.19534883720930232 0.35781250000000003 0.10232558139534884 0.07500000000000001
3 0.10348837209302325 0.515625 0.10465116279069767 0.07500000000000001
3 0.0941860465116279 0.41875 0.16511627906976745 0.140625
3 0.26046511627906976 0.6882812500000001 0.15348837209302324 0.1859375
3 0.14883720930232558 0.7796875000000001 0.13488372093023254 0.10312500000000001
3 0.6802325581395349 0.12187500000000001 0.12325581395348836 0.115625
3 0.522093023255814 0.18203125 0.11395348837209301 0.0921875
