3 0.8972162740899358 0.46953125 0.15417558886509636 0.1296875
3 0.3929336188436831 0.30781250000000004 0.2334047109207709 0.15000000000000002
3 0.1573875802997859 0.46015625000000004 0.14775160599571735 0.1859375
3 0.8490364025695932 0.7140625 0.13490364025695933 0.11875000000000001
3 0.4764453961456103 0.35781250000000003 0.22483940042826553 0.17500000000000002
3 0.7194860813704497 0.21953125 0.12419700214132763 0.13593750000000002
3 0.1873661670235546 0.7625000000000001 0.14346895074946467 0.146875
3 0.41113490364025695 0.19843750000000002 0.11991434689507495 0.16562500000000002
3 0.4967880085653105 0.20859375000000002 0.10706638115631692 0.13593750000000002
3 0.08565310492505354 0.07187500000000001 0.09421841541755889 0.096875
3 0.5974304068522485 0.81171875 0.11563169164882228 0.09531250000000001
