3 0.696875 0.7404306220095693 0.12187500000000001 0.17464114832535885
3 0.36015625 0.7200956937799042 0.1265625 0.2248803827751196
3 0.56171875 0.5047846889952153 0.13593750000000002 0.2248803827751196
3 0.7781250000000001 0.40909090909090906 0.084375 0.13875598086124402
3 0.81796875 0.4186602870813397 0.0703125 0.15311004784688995
3 0.20234375000000002 0.19258373205741627 0.09531250000000001 0.2033492822966507
3 0.39375000000000004 0.6889952153110047 0.07187500000000001 0.1339712918660287
3 0.78046875 0.3588516746411483 0.0671875 0.14354066985645933
3 0.2609375 0.2930622009569378 0.12187500000000001 0.18421052631578946
3 0.6898437500000001 0.6399521531100478 0.09843750000000001 0.18421052631578946
