3 0.5623608017817372 0.815625 0.22494432071269488 0.18125000000000002
3 0.27839643652561247 0.084375 0.16481069042316257 0.084375
3 0.7973273942093541 0.7093750000000001 0.22271714922048996 0.203125
3 0.18930957683741648 0.35625 0.09799554565701558 0.115625
3 0.7193763919821826 0.6687500000000001 0.13363028953229397 0.12187500000000001
3 0.6458797327394209 0.853125 0.13363028953229397 0.15625
3 0.5657015590200445 0.43515625 0.20489977728285078 0.1046875
3 0.5178173719376392 0.1203125 0.14476614699331847 0.13125
3 0.09131403118040089 0.08046875 0.17371937639198218 0.0890625
3 0.32293986636971045 0.703125 0.21380846325167036 0.19375
