3 0.12734375 0.2309368191721133 0.0890625 0.13507625272331156
3 0.91953125 0.15032679738562094 0.1078125 0.1655773420479303
3 0.84140625 0.22222222222222224 0.1234375 0.17429193899782136
3 0.09140625000000001 0.6176470588235294 0.1484375 0.224400871459695
3 0.34687500000000004 0.40631808278867104 0.07500000000000001 0.03703703703703704
3 0.2859375 0.7167755991285404 0.16562500000000002 0.23529411764705885
3 0.51328125 0.7886710239651417 0.1234375 0.17429193899782136
3 0.4421875 0.636165577342048 0.15937500000000002 0.24400871459694992
3 0.3984375 0.6416122004357299 0.1375 0.19389978213507628
3 0.73359375 0.7352941176470589 0.0703125 0.15468409586056647
3 0.38125000000000003 0.2679738562091504 0.08750000000000001 0.24400871459694992
3 0.32109375 0.27450980392156865 0.1421875 0.23529411764705885
