3 0.8022988505747126 0.22968750000000002 0.21149425287356322 0.215625
3 0.41379310344827586 0.37421875000000004 0.17471264367816092 0.1015625
3 0.8183908045977011 0.88828125 0.11494252873563218 0.09843750000000001
3 0.7632183908045977 0.49921875000000004 0.09195402298850575 0.1265625
3 0.5206896551724138 0.33203125 0.14482758620689656 0.1234375
3 0.8850574712643678 0.51171875 0.17471264367816092 0.1609375
3 0.5091954022988505 0.7429687500000001 0.10344827586206896 0.0890625
3 0.7367816091954023 0.79453125 0.12183908045977011 0.1265625
3 0.42528735632183906 0.45625000000000004 0.17471264367816092 0.15000000000000002
3 0.5045977011494253 0.11328125 0.14482758620689656 0.1078125
