3 0.17785234899328858 0.52734375 0.14541387024608501 0.11093750000000001
3 0.743847874720358 0.784375 0.14541387024608501 0.11875000000000001
3 0.16778523489932887 0.18281250000000002 0.19239373601789708 0.20625000000000002
3 0.7874720357941835 0.15390625000000002 0.15212527964205816 0.1453125
3 0.8042505592841163 0.46328125000000003 0.19463087248322147 0.1484375
3 0.7706935123042505 0.6429687500000001 0.08277404921700224 0.13593750000000002
3 0.47874720357941836 0.8296875 0.18344519015659955 0.140625
3 0.3926174496644295 0.22890625 0.16331096196868009 0.1765625
3 0.9183445190156599 0.16484375 0.15436241610738255 0.13593750000000002
3 0.685682326621924 0.6039062500000001 0.1185682326621924 0.1265625
3 0.6487695749440716 0.3375 0.174496644295302 0.14375000000000002
