3 0.7078125000000001 0.1853448275862069 0.0625 0.125
3 0.09531250000000001 0.16918103448275862 0.040625 0.11422413793103448
3 0.40234375 0.8890086206896551 0.0890625 0.14439655172413793
3 0.64375 0.17564655172413793 0.065625 0.11422413793103448
3 0.8812500000000001 0.6088362068965517 0.1 0.17456896551724138
3 0.09296875 0.540948275862069 0.0671875 0.05172413793103448
3 0.85078125 0.09267241379310345 0.0734375 0.15517241379310345
3 0.9390625 0.6487068965517241 0.08750000000000001 0.16379310344827586
3 0.17500000000000002 0.11530172413793104 0.096875 0.20474137931034483
3 0.13593750000000002 0.8566810344827586 0.109375 0.20474137931034483
3 0.08125 0.4482758620689655 0.09375 0.1939655172413793
3 0.84140625 0.49030172413793105 0.0734375 0.20474137931034483
