3 0.39327146171693733 0.7210937500000001 0.18329466357308583 0.1453125
3 0.6078886310904872 0.6484375 0.11600928074245939 0.09062500000000001
3 0.5603248259860789 0.33437500000000003 0.10440835266821345 0.10625000000000001
3 0.759860788863109 0.8203125 0.1136890951276102 0.115625
3 0.8700696055684455 0.8609375 0.14385150812064965 0.146875
3 0.5104408352668213 0.52734375 0.20417633410672853 0.21406250000000002
3 0.12993039443155452 0.41015625 0.1345707656612529 0.1234375
3 0.48259860788863107 0.5578125 0.2088167053364269 0.19062500000000002
3 0.617169373549884 0.52265625 0.21345707656612528 0.15781250000000002
3 0.8480278422273781 0.8656250000000001 0.1136890951276102 0.115625
