3 0.33408071748878926 0.38359375 0.1390134529147982 0.1859375
3 0.8800448430493274 0.6531250000000001 0.10538116591928251 0.1
3 0.09417040358744394 0.0859375 0.18385650224215247 0.1625
3 0.6760089686098655 0.675 0.10538116591928251 0.059375000000000004
3 0.6457399103139013 0.3671875 0.19282511210762332 0.20625000000000002
3 0.6603139013452914 0.74609375 0.1771300448430493 0.1859375
3 0.3598654708520179 0.38828125 0.16816143497757846 0.1765625
3 0.7466367713004484 0.878125 0.19282511210762332 0.20625000000000002
3 0.7320627802690582 0.21953125 0.10538116591928251 0.07968750000000001
3 0.44506726457399104 0.5437500000000001 0.2443946188340807 0.2
