3 0.26973684210526316 0.134375 0.12280701754385964 0.15625
3 0.19846491228070173 0.9078125 0.1600877192982456 0.140625
3 0.7105263157894737 0.76875 0.15350877192982454 0.134375
3 0.7258771929824561 0.89609375 0.10526315789473684 0.0890625
3 0.6513157894736842 0.09140625000000001 0.22368421052631576 0.17343750000000002
3 0.12390350877192982 0.61875 0.20394736842105263 0.171875
3 0.1282894736842105 0.89609375 0.09868421052631579 0.1265625
3 0.7532894736842105 0.5875 0.10307017543859648 0.115625
3 0.5405701754385964 0.153125 0.10307017543859648 0.115625
3 0.8640350877192982 0.88984375 0.18421052631578946 0.1546875
3 0.3782894736842105 0.80078125 0.23464912280701752 0.1703125
