3 0.8914062500000001 0.6936619718309859 0.2015625 0.22300469483568075
3 0.15234375 0.8098591549295775 0.15781250000000002 0.17370892018779344
3 0.89765625 0.431924882629108 0.0890625 0.15492957746478875
3 0.540625 0.8169014084507042 0.146875 0.2347417840375587
3 0.6578125 0.13849765258215962 0.109375 0.17370892018779344
3 0.525 0.09507042253521127 0.065625 0.11502347417840376
3 0.7507812500000001 0.32981220657276994 0.11406250000000001 0.22300469483568075
3 0.26406250000000003 0.886150234741784 0.1125 0.19483568075117372
3 0.1703125 0.4483568075117371 0.09375 0.2347417840375587
3 0.74609375 0.5598591549295775 0.0890625 0.22300469483568075
