3 0.28046875 0.5956719817767654 0.07968750000000001 0.13439635535307518
3 0.37578125 0.8815489749430524 0.11406250000000001 0.16400911161731208
3 0.71484375 0.3906605922551253 0.0765625 0.13439635535307518
3 0.703125 0.582004555808656 0.040625 0.04783599088838269
3 0.73984375 0.6480637813211845 0.1203125 0.24373576309794986
3 0.8914062500000001 0.48861047835990884 0.1046875 0.18451025056947606
3 0.10625000000000001 0.9111617312072893 0.06875 0.11389521640091116
3 0.225 0.0979498861047836 0.109375 0.1958997722095672
3 0.31328125 0.6810933940774487 0.1015625 0.09567198177676538
3 0.23203125000000002 0.19362186788154898 0.0890625 0.22323462414578588
3 0.321875 0.735763097949886 0.12187500000000001 0.16400911161731208
3 0.20703125 0.3769931662870159 0.0734375 0.12528473804100226
