3 0.23744769874476984 0.8953125000000001 0.09832635983263598 0.115625
3 0.6851464435146443 0.46171875 0.18619246861924685 0.1796875
3 0.4027196652719665 0.5609375 0.2238493723849372 0.16562500000000002
3 0.403765690376569 0.32109375 0.09623430962343095 0.07968750000000001
3 0.6705020920502092 0.34296875000000004 0.16527196652719664 0.1328125
3 0.5794979079497907 0.8203125 0.15481171548117154 0.140625
3 0.1914225941422594 0.8140625 0.12343096234309622 0.146875
3 0.403765690376569 0.6984375 0.23430962343096232 0.20625000000000002
3 0.49790794979079495 0.3296875 0.12552301255230125 0.16562500000000002
3 0.3158995815899581 0.19609375 0.17573221757322174 0.1421875
