3 0.72421875 0.8544857768052516 0.1296875 0.1334792122538293
3 0.40625 0.4201312910284464 0.084375 0.1050328227571116
3 0.171875 0.23304157549234134 0.15000000000000002 0.15536105032822756
3 0.41718750000000004 0.5153172866520788 0.1875 0.19474835886214442
3 0.27265625 0.8457330415754923 0.1015625 0.16411378555798686
3 0.29921875000000003 0.5470459518599562 0.0703125 0.1137855579868709
3 0.46953125 0.18927789934354486 0.0703125 0.05908096280087527
3 0.62421875 0.6061269146608315 0.23593750000000002 0.24507658643326038
3 0.56484375 0.7560175054704595 0.1453125 0.23413566739606126
3 0.7140625 0.40809628008752735 0.13125 0.19474835886214442
3 0.45625000000000004 0.30087527352297594 0.15937500000000002 0.16411378555798686
