3 0.8868921775898521 0.85859375 0.09513742071881608 0.1265625
3 0.8023255813953488 0.44453125000000004 0.12896405919661735 0.1234375
3 0.2875264270613108 0.36953125000000003 0.1437632135306554 0.1328125
3 0.7420718816067654 0.28046875 0.10570824524312897 0.0921875
3 0.8837209302325582 0.609375 0.22410147991543342 0.16875
3 0.5824524312896406 0.5789062500000001 0.09513742071881608 0.1265625
3 0.2272727272727273 0.5703125 0.1543340380549683 0.115625
3 0.7061310782241015 0.7585937500000001 0.1945031712473573 0.1703125
3 0.6575052854122622 0.44765625000000003 0.1945031712473573 0.1765625
3 0.10359408033826639 0.51171875 0.10570824524312897 0.09531250000000001
3 0.14587737843551798 0.37031250000000004 0.2156448202959831 0.171875
