3 0.92890625 0.8994932432432433 0.06406250000000001 0.11655405405405406
3 0.8515625 0.3192567567567568 0.215625 0.24662162162162163
3 0.7828125 0.09290540540540541 0.125 0.15540540540540543
3 0.7289062500000001 0.9349662162162162 0.0921875 0.10641891891891893
3 0.20468750000000002 0.5608108108108109 0.10312500000000001 0.18581081081081083
3 0.42031250000000003 0.5304054054054055 0.246875 0.19594594594594594
3 0.2578125 0.8513513513513514 0.171875 0.19594594594594594
3 0.1078125 0.7550675675675677 0.12812500000000002 0.14527027027027029
3 0.078125 0.33952702702702703 0.096875 0.17567567567567569
3 0.8304687500000001 0.2820945945945946 0.1015625 0.125
