3 0.21015625000000002 0.5526905829596412 0.060937500000000006 0.11434977578475336
3 0.67890625 0.7533632286995515 0.13593750000000002 0.2242152466367713
3 0.5171875 0.6816143497757847 0.09062500000000001 0.17488789237668162
3 0.08828125 0.8150224215246636 0.08281250000000001 0.1547085201793722
3 0.42031250000000003 0.257847533632287 0.16562500000000002 0.17488789237668162
3 0.22968750000000002 0.15807174887892375 0.19375 0.2040358744394619
3 0.5765625 0.6221973094170403 0.065625 0.12331838565022421
3 0.2609375 0.36995515695067266 0.10625000000000001 0.17488789237668162
3 0.753125 0.4943946188340807 0.1 0.10538116591928251
3 0.47500000000000003 0.7331838565022422 0.07187500000000001 0.17488789237668162
3 0.4546875 0.5269058295964125 0.09375 0.2242152466367713
