3 0.30625 0.7505592841163311 0.046875 0.10514541387024608
3 0.44765625000000003 0.5715883668903803 0.11093750000000001 0.24384787472035793
3 0.10078125 0.2639821029082774 0.1171875 0.1476510067114094
3 0.09765625 0.34004474272930646 0.1171875 0.18344519015659955
3 0.17500000000000002 0.465324384787472 0.078125 0.174496644295302
3 0.85859375 0.7885906040268457 0.0734375 0.14541387024608501
3 0.6195312500000001 0.16778523489932887 0.08281250000000001 0.174496644295302
3 0.1625 0.8355704697986577 0.046875 0.10514541387024608
3 0.24140625000000002 0.8322147651006712 0.1015625 0.18344519015659955
3 0.33125000000000004 0.20693512304250558 0.07187500000000001 0.203579418344519
3 0.6742187500000001 0.1890380313199105 0.0578125 0.16331096196868009
