3 0.10859375 0.334070796460177 0.0703125 0.15486725663716813
3 0.9359375000000001 0.918141592920354 0.07500000000000001 0.12389380530973451
3 0.55390625 0.18694690265486724 0.060937500000000006 0.1836283185840708
3 0.77890625 0.4081858407079646 0.035937500000000004 0.10398230088495575
3 0.6804687500000001 0.38495575221238937 0.07968750000000001 0.12389380530973451
3 0.31796875 0.3915929203539823 0.11406250000000001 0.20353982300884954
3 0.5734375 0.2013274336283186 0.043750000000000004 0.12389380530973451
3 0.87109375 0.25 0.0921875 0.15486725663716813
3 0.08515625 0.8716814159292036 0.11406250000000001 0.20353982300884954
3 0.503125 0.12831858407079647 0.05625 0.12389380530973451
3 0.91328125 0.18584070796460178 0.1015625 0.19469026548672566
