3 0.57265625 0.5305010893246188 0.1234375 0.224400871459695
3 0.37109375 0.6764705882352942 0.1015625 0.1851851851851852
3 0.7796875000000001 0.8300653594771242 0.16562500000000002 0.24400871459694992
3 0.41171875 0.17102396514161222 0.1796875 0.1851851851851852
3 0.5945312500000001 0.11655773420479304 0.1078125 0.19389978213507628
3 0.7703125000000001 0.21568627450980393 0.043750000000000004 0.10457516339869283
3 0.9125000000000001 0.7559912854030502 0.07500000000000001 0.17429193899782136
3 0.23203125000000002 0.4640522875816994 0.1171875 0.21350762527233116
3 0.7453125 0.40631808278867104 0.215625 0.224400871459695
3 0.87265625 0.47276688453159044 0.19843750000000002 0.20479302832244012
3 0.16562500000000002 0.3823529411764706 0.140625 0.224400871459695
