3 0.3356009070294785 0.8093750000000001 0.23129251700680273 0.209375
3 0.4444444444444445 0.42812500000000003 0.15419501133786848 0.1375
3 0.9047619047619048 0.675 0.15419501133786848 0.1125
3 0.20294784580498867 0.7203125 0.10657596371882086 0.10625000000000001
3 0.08730158730158731 0.7992187500000001 0.16099773242630386 0.1859375
3 0.6780045351473923 0.46875 0.20408163265306123 0.1625
3 0.10770975056689343 0.7273437500000001 0.13378684807256236 0.1203125
3 0.2596371882086168 0.625 0.17460317460317462 0.1375
3 0.6213151927437642 0.26328125 0.108843537414966 0.1265625
3 0.4217687074829932 0.8757812500000001 0.14512471655328799 0.1296875
