3 0.6322505800464037 0.73828125 0.15545243619489557 0.1703125
3 0.5626450116009281 0.56171875 0.23433874709976799 0.1859375
3 0.679814385150812 0.1703125 0.08816705336426914 0.10625000000000001
3 0.10904872389791183 0.20703125 0.1345707656612529 0.0921875
3 0.12412993039443154 0.240625 0.09976798143851508 0.10625000000000001
3 0.6995359628770301 0.32343750000000004 0.15545243619489557 0.13125
3 0.7807424593967517 0.37265625 0.17401392111368907 0.1265625
3 0.39559164733178653 0.1046875 0.18329466357308583 0.134375
3 0.6368909512761021 0.43125 0.18329466357308583 0.134375
3 0.19489559164733178 0.49609375 0.1531322505800464 0.1265625
