3 0.06875 0.35154639175257735 0.1375 0.1958762886597938
3 0.30781250000000004 0.6659793814432989 0.1125 0.18556701030927836
3 0.15703125 0.06288659793814433 0.045312500000000006 0.10515463917525773
3 0.6312500000000001 0.17216494845360825 0.12812500000000002 0.18762886597938144
3 0.42031250000000003 0.6257731958762887 0.15937500000000002 0.22474226804123712
3 0.12890625 0.24020618556701032 0.1453125 0.20412371134020618
3 0.7671875 0.6164948453608248 0.0625 0.1154639175257732
3 0.62265625 0.06701030927835051 0.0890625 0.13402061855670103
3 0.8921875 0.18453608247422681 0.06875 0.10515463917525773
3 0.0859375 0.9092783505154639 0.0625 0.1154639175257732
3 0.47500000000000003 0.2597938144329897 0.146875 0.23505154639175257
3 0.37109375 0.09690721649484536 0.15156250000000002 0.18556701030927836
