3 0.49765258215962443 0.35468750000000004 0.15492957746478875 0.109375
3 0.19953051643192488 0.5578125 0.09389671361502347 0.08750000000000001
3 0.7312206572769954 0.4625 0.20422535211267606 0.171875
3 0.7546948356807512 0.340625 0.09154929577464789 0.10625000000000001
3 0.13028169014084506 0.11093750000000001 0.1431924882629108 0.14375000000000002
3 0.35093896713615025 0.44375000000000003 0.2136150234741784 0.171875
3 0.18309859154929578 0.7953125000000001 0.24413145539906103 0.225
3 0.42488262910798125 0.9 0.09389671361502347 0.0625
3 0.09859154929577466 0.88046875 0.09389671361502347 0.0671875
3 0.2934272300469484 0.6375000000000001 0.10328638497652583 0.07500000000000001
3 0.7593896713615024 0.665625 0.13380281690140847 0.08750000000000001
