3 0.6515625 0.3879310344827586 0.125 0.1896551724137931
3 0.65625 0.2920258620689655 0.07500000000000001 0.10560344827586207
3 0.109375 0.634698275862069 0.14375000000000002 0.1961206896551724
3 0.09453125000000001 0.7553879310344828 0.0859375 0.14439655172413793
3 0.54296875 0.6099137931034483 0.0734375 0.125
3 0.16171875000000002 0.6907327586206896 0.09531250000000001 0.23491379310344826
3 0.5484375 0.2252155172413793 0.046875 0.10560344827586207
3 0.035937500000000004 0.4073275862068965 0.0625 0.15517241379310345
3 0.1703125 0.19073275862068964 0.096875 0.14439655172413793
3 0.4109375 0.7618534482758621 0.08125 0.11422413793103448
3 0.31484375000000003 0.7974137931034483 0.060937500000000006 0.1336206896551724
3 0.049218750000000006 0.17025862068965517 0.0765625 0.125
