3 0.37109375 0.7408602150537634 0.1046875 0.1956989247311828
3 0.9554687500000001 0.6086021505376344 0.060937500000000006 0.18494623655913978
3 0.29140625000000003 0.7387096774193549 0.0890625 0.14408602150537633
3 0.55 0.478494623655914 0.040625 0.11397849462365592
3 0.2921875 0.33978494623655914 0.12187500000000001 0.18494623655913978
3 0.9140625 0.2129032258064516 0.15625 0.24086021505376343
3 0.45078125 0.9086021505376344 0.0703125 0.11397849462365592
3 0.88671875 0.635483870967742 0.1078125 0.17419354838709677
3 0.91953125 0.08387096774193549 0.0546875 0.09462365591397849
3 0.8695312500000001 0.23333333333333334 0.1296875 0.1956989247311828
