3 0.875 0.8680851063829788 0.115625 0.1446808510638298
3 0.24531250000000002 0.22659574468085106 0.07500000000000001 0.15531914893617021
3 0.47578125000000004 0.8627659574468085 0.0859375 0.16382978723404257
3 0.66953125 0.15851063829787235 0.051562500000000004 0.13404255319148936
3 0.371875 0.5138297872340426 0.1125 0.2021276595744681
3 0.30078125 0.5042553191489362 0.16718750000000002 0.225531914893617
3 0.71875 0.7159574468085107 0.1375 0.2148936170212766
3 0.571875 0.41702127659574467 0.084375 0.17446808510638298
3 0.59296875 0.19787234042553192 0.13593750000000002 0.23404255319148937
3 0.146875 0.39680851063829786 0.1375 0.2148936170212766
