3 0.6109375 0.5748847926267281 0.0625 0.1543778801843318
3 0.4265625 0.8559907834101382 0.09062500000000001 0.1543778801843318
3 0.4390625 0.358294930875576 0.096875 0.10368663594470046
3 0.86484375 0.815668202764977 0.1015625 0.1935483870967742
3 0.9164062500000001 0.6152073732718893 0.0734375 0.18433179723502305
3 0.74140625 0.6947004608294931 0.08281250000000001 0.20506912442396313
3 0.13203125000000002 0.2995391705069124 0.0734375 0.18433179723502305
3 0.5484375 0.13018433179723501 0.1125 0.21428571428571427
3 0.13984375000000002 0.478110599078341 0.1265625 0.21428571428571427
3 0.5296875 0.6486175115207373 0.14375000000000002 0.22350230414746544
3 0.70234375 0.4216589861751152 0.1015625 0.1935483870967742
3 0.33515625000000004 0.31797235023041476 0.09531250000000001 0.2350230414746544
