3 0.7197309417040358 0.8890625000000001 0.14798206278026907 0.12187500000000001
3 0.25112107623318386 0.66328125 0.2242152466367713 0.1609375
3 0.7219730941704036 0.26640625 0.11659192825112108 0.1265625
3 0.7309417040358744 0.80234375 0.18385650224215247 0.15156250000000002
3 0.6121076233183856 0.6156250000000001 0.15695067264573992 0.16562500000000002
3 0.2780269058295964 0.36015625 0.2242152466367713 0.18906250000000002
3 0.5538116591928252 0.5921875 0.09865470852017937 0.10625000000000001
3 0.242152466367713 0.2015625 0.2242152466367713 0.184375
3 0.8766816143497758 0.7421875 0.19730941704035873 0.20625000000000002
3 0.32062780269058294 0.553125 0.13452914798206278 0.10312500000000001
3 0.31053811659192826 0.73984375 0.2040358744394619 0.1796875
