3 0.7351562500000001 0.11261261261261261 0.1203125 0.22522522522522523
3 0.56015625 0.11373873873873874 0.11406250000000001 0.21396396396396397
3 0.33046875000000003 0.1204954954954955 0.1078125 0.1644144144144144
3 0.43984375000000003 0.2849099099099099 0.1078125 0.1644144144144144
3 0.61484375 0.29617117117117114 0.0890625 0.21396396396396397
3 0.8070312500000001 0.4572072072072072 0.1234375 0.20270270270270271
3 0.20078125000000002 0.6632882882882882 0.1078125 0.19144144144144143
3 0.57578125 0.5979729729729729 0.22968750000000002 0.24549549549549549
3 0.8203125 0.7657657657657657 0.0625 0.1036036036036036
3 0.75703125 0.2916666666666667 0.0890625 0.21396396396396397
3 0.2765625 0.527027027027027 0.10312500000000001 0.19369369369369369
3 0.8421875000000001 0.26013513513513514 0.109375 0.20495495495495494
