3 0.48125 0.556989247311828 0.14375000000000002 0.24516129032258063
3 0.92734375 0.5623655913978495 0.1203125 0.1956989247311828
3 0.6023437500000001 0.08064516129032258 0.0578125 0.14408602150537633
3 0.7390625000000001 0.886021505376344 0.1 0.21505376344086022
3 0.06015625 0.3021505376344086 0.08281250000000001 0.20430107526881722
3 0.23984375000000002 0.7376344086021506 0.0859375 0.18494623655913978
3 0.09296875 0.6548387096774193 0.0578125 0.14408602150537633
3 0.24921875000000002 0.3580645161290323 0.1203125 0.1956989247311828
3 0.48671875000000003 0.23333333333333334 0.1390625 0.1956989247311828
3 0.41640625000000003 0.6096774193548387 0.1078125 0.17419354838709677
3 0.53515625 0.7569892473118279 0.08281250000000001 0.12473118279569892
