3 0.8578125000000001 0.28279569892473116 0.096875 0.17419354838709677
3 0.9375 0.3161290322580645 0.09375 0.21505376344086022
3 0.32578125 0.7591397849462366 0.1203125 0.21505376344086022
3 0.27890625 0.7956989247311828 0.1484375 0.21505376344086022
3 0.1796875 0.34623655913978496 0.18125000000000002 0.18494623655913978
3 0.55234375 0.33978494623655914 0.1421875 0.22365591397849463
3 0.80625 0.1913978494623656 0.096875 0.22365591397849463
3 0.3828125 0.889247311827957 0.109375 0.1956989247311828
3 0.6671875 0.2903225806451613 0.078125 0.12473118279569892
3 0.41171875 0.5268817204301075 0.1484375 0.21505376344086022
3 0.359375 0.1043010752688172 0.109375 0.1956989247311828
