3 0.6203125 0.703579418344519 0.09062500000000001 0.029082774049217
3 0.7703125000000001 0.8322147651006712 0.10625000000000001 0.174496644295302
3 0.56640625 0.8098434004474273 0.0484375 0.18344519015659955
3 0.62890625 0.7986577181208053 0.1296875 0.21476510067114093
3 0.40390625 0.6096196868008948 0.09531250000000001 0.14541387024608501
3 0.66171875 0.6308724832214765 0.0546875 0.1342281879194631
3 0.78515625 0.3713646532438479 0.0390625 0.09395973154362416
3 0.6218750000000001 0.06935123042505592 0.037500000000000006 0.053691275167785234
3 0.40546875000000004 0.3534675615212528 0.0765625 0.18344519015659955
3 0.9234375 0.09284116331096197 0.1 0.16331096196868009
3 0.640625 0.203579418344519 0.203125 0.21476510067114093
3 0.49609375 0.41722595078299773 0.1046875 0.19463087248322147
