3 0.3915929203539823 0.5859375 0.16371681415929204 0.10625000000000001
3 0.23008849557522124 0.45703125 0.2345132743362832 0.1640625
3 0.1902654867256637 0.77734375 0.15486725663716813 0.1390625
3 0.8772123893805309 0.59765625 0.13495575221238937 0.09843750000000001
3 0.13384955752212388 0.62890625 0.16592920353982302 0.1765625
3 0.9037610619469026 0.36796875 0.13495575221238937 0.07968750000000001
3 0.6415929203539823 0.7976562500000001 0.17256637168141592 0.13593750000000002
3 0.7820796460176991 0.7984375 0.1747787610619469 0.12187500000000001
3 0.3108407079646018 0.2390625 0.21460176991150443 0.209375
3 0.4192477876106195 0.17265625 0.14380530973451328 0.1171875
3 0.5741150442477876 0.18203125 0.10398230088495575 0.0890625
3 0.8838495575221239 0.44609375 0.19247787610619468 0.23593750000000002
