4 0.8460937500000001 0.8156474820143885 0.1390625 0.1852517985611511
4 0.6578125 0.28776978417266186 0.12187500000000001 0.16546762589928057
4 0.9 0.5683453237410072 0.1875 0.21582733812949642
4 0.296875 0.5008992805755396 0.19375 0.2248201438848921
4 0.30390625000000004 0.8471223021582734 0.09843750000000001 0.11510791366906475
4 0.08359375000000001 0.6510791366906475 0.1421875 0.16546762589928057
4 0.4859375 0.723021582733813 0.203125 0.17266187050359713
4 0.72578125 0.3534172661870504 0.16718750000000002 0.1960431654676259
4 0.69453125 0.3408273381294964 0.0921875 0.10611510791366907
4 0.40468750000000003 0.8534172661870504 0.05 0.10611510791366907
4 0.5109375 0.8525179856115108 0.184375 0.21582733812949642
4 0.39140625 0.3318345323741007 0.08281250000000001 0.09532374100719425
