4 0.5671140939597316 0.7117187500000001 0.1901565995525727 0.18906250000000002
4 0.19910514541387025 0.25078125 0.09395973154362416 0.0671875
4 0.28635346756152125 0.1453125 0.14317673378076062 0.13125
4 0.3512304250559284 0.290625 0.12527964205816555 0.08750000000000001
4 0.4161073825503356 0.6015625 0.1029082774049217 0.084375
4 0.6621923937360179 0.7757812500000001 0.1342281879194631 0.0890625
4 0.7170022371364653 0.09296875 0.14541387024608501 0.1015625
4 0.5492170022371364 0.8914062500000001 0.19463087248322147 0.15781250000000002
4 0.48210290827740493 0.5710937500000001 0.203579418344519 0.1421875
4 0.1901565995525727 0.096875 0.22371364653243847 0.18125000000000002
4 0.6812080536912751 0.6953125 0.15436241610738255 0.125
