4 0.30390625000000004 0.23378076062639822 0.1609375 0.2348993288590604
4 0.4765625 0.19910514541387025 0.09375 0.1342281879194631
4 0.44062500000000004 0.49217002237136465 0.146875 0.174496644295302
4 0.2578125 0.5805369127516778 0.096875 0.14541387024608501
4 0.21484375 0.8646532438478747 0.1640625 0.24384787472035793
4 0.15859375 0.11968680089485459 0.0703125 0.10514541387024608
4 0.7828125 0.1901565995525727 0.15000000000000002 0.21476510067114093
4 0.44609375 0.8456375838926175 0.1171875 0.174496644295302
4 0.7484375000000001 0.6308724832214765 0.14375000000000002 0.21476510067114093
4 0.2859375 0.668903803131991 0.065625 0.09395973154362416
