4 0.1265625 0.3295964125560538 0.08750000000000001 0.13452914798206278
4 0.6375000000000001 0.7488789237668161 0.15000000000000002 0.21524663677130046
4 0.20859375000000002 0.37443946188340804 0.1015625 0.2242152466367713
4 0.33359375 0.8340807174887892 0.1484375 0.21524663677130046
4 0.72265625 0.38228699551569506 0.1640625 0.23542600896860985
4 0.48671875000000003 0.8632286995515694 0.1484375 0.21524663677130046
4 0.734375 0.4798206278026906 0.08125 0.13452914798206278
4 0.8562500000000001 0.3060538116591928 0.07187500000000001 0.10538116591928251
4 0.18046875 0.5795964125560538 0.1171875 0.19506726457399104
4 0.5476562500000001 0.42937219730941706 0.0734375 0.10538116591928251
4 0.26171875 0.38789237668161436 0.1546875 0.2242152466367713
