4 0.6898437500000001 0.4313953488372093 0.06406250000000001 0.09534883720930232
4 0.41875 0.14302325581395348 0.109375 0.16511627906976745
4 0.61640625 0.1872093023255814 0.06406250000000001 0.09534883720930232
4 0.2015625 0.3186046511627907 0.140625 0.20465116279069767
4 0.371875 0.786046511627907 0.134375 0.19534883720930232
4 0.057031250000000006 0.463953488372093 0.0921875 0.10465116279069767
4 0.13984375000000002 0.1 0.09843750000000001 0.14418604651162792
4 0.62421875 0.6046511627906976 0.09843750000000001 0.14418604651162792
4 0.0671875 0.5767441860465117 0.134375 0.19534883720930232
4 0.1625 0.7755813953488372 0.078125 0.11395348837209301
4 0.80234375 0.5186046511627906 0.1546875 0.22325581395348837
