4 0.9059829059829061 0.45546875000000003 0.17521367521367523 0.1265625
4 0.1634615384615385 0.6734375 0.19444444444444448 0.140625
4 0.778846153846154 0.9226562500000001 0.16452991452991456 0.1203125
4 0.6901709401709403 0.81015625 0.1452991452991453 0.1046875
4 0.7264957264957266 0.51875 0.12393162393162395 0.09062500000000001
4 0.8162393162393163 0.3640625 0.09401709401709403 0.06875
4 0.45940170940170943 0.33359375 0.16666666666666669 0.1265625
4 0.5790598290598291 0.43203125000000003 0.18376068376068377 0.1328125
4 0.389957264957265 0.31093750000000003 0.16452991452991456 0.11875000000000001
4 0.7852564102564104 0.1 0.2243589743589744 0.1625
