4 0.65390625 0.3675847457627119 0.0890625 0.15889830508474576
4 0.6843750000000001 0.3697033898305085 0.09062500000000001 0.1504237288135593
4 0.6015625 0.3135593220338983 0.18125000000000002 0.2457627118644068
4 0.9343750000000001 0.8220338983050848 0.109375 0.1440677966101695
4 0.59296875 0.9438559322033898 0.0703125 0.09533898305084745
4 0.6023437500000001 0.6652542372881356 0.1296875 0.17372881355932204
4 0.521875 0.7722457627118644 0.1375 0.1843220338983051
4 0.3125 0.2997881355932203 0.115625 0.15466101694915255
4 0.36015625 0.5116525423728814 0.0921875 0.125
4 0.8921875 0.534957627118644 0.17500000000000002 0.23516949152542374
