4 0.3893905191873589 0.23125 0.11512415349887133 0.08750000000000001
4 0.47291196388261847 0.7375 0.22347629796839727 0.15625
4 0.1963882618510158 0.146875 0.09932279909706546 0.07500000000000001
4 0.16365688487584648 0.53515625 0.12415349887133181 0.08281250000000001
4 0.7595936794582392 0.65390625 0.16478555304740405 0.11406250000000001
4 0.9130925507900677 0.40859375000000003 0.16478555304740405 0.11406250000000001
4 0.2674943566591422 0.1875 0.21444695259593677 0.15000000000000002
4 0.6715575620767493 0.49140625000000004 0.11512415349887133 0.07968750000000001
4 0.1455981941309255 0.64609375 0.21444695259593677 0.1484375
4 0.8713318284424378 0.753125 0.18510158013544017 0.146875
