4 0.39826839826839827 0.30859375 0.19480519480519481 0.1328125
4 0.7554112554112554 0.0484375 0.12554112554112554 0.09062500000000001
4 0.5670995670995671 0.2078125 0.12554112554112554 0.053125000000000006
4 0.8560606060606061 0.2234375 0.15367965367965367 0.1125
4 0.6536796536796536 0.7390625000000001 0.12554112554112554 0.09062500000000001
4 0.7229437229437229 0.5125000000000001 0.1341991341991342 0.096875
4 0.43398268398268397 0.24375000000000002 0.15367965367965367 0.1125
4 0.5735930735930735 0.10859375 0.23376623376623376 0.1703125
4 0.5162337662337663 0.7359375 0.11471861471861472 0.084375
4 0.1331168831168831 0.5476562500000001 0.17532467532467533 0.1265625
4 0.23484848484848486 0.7742187500000001 0.17532467532467533 0.1265625
