4 0.7250000000000001 0.4656652360515021 0.1375 0.18454935622317598
4 0.4140625 0.1834763948497854 0.1625 0.22532188841201717
4 0.24921875000000002 0.38090128755364805 0.1171875 0.1781115879828326
4 0.5750000000000001 0.526824034334764 0.096875 0.1351931330472103
4 0.19609375 0.3444206008583691 0.1484375 0.20386266094420602
4 0.5437500000000001 0.30364806866952787 0.140625 0.19527896995708155
4 0.4453125 0.3165236051502146 0.084375 0.11373390557939914
4 0.65390625 0.21995708154506438 0.16718750000000002 0.22532188841201717
4 0.6179687500000001 0.8165236051502146 0.1453125 0.19527896995708155
4 0.51171875 0.13626609442060086 0.1234375 0.16523605150214593
