4 0.5497787610619469 0.86328125 0.21460176991150443 0.15156250000000002
4 0.06415929203539823 0.6492187500000001 0.12389380530973451 0.0859375
4 0.16261061946902655 0.8921875 0.14380530973451328 0.1
4 0.3440265486725664 0.26484375 0.24557522123893805 0.17343750000000002
4 0.8219026548672567 0.9328125 0.13495575221238937 0.09375
4 0.19690265486725664 0.50390625 0.19469026548672566 0.13593750000000002
4 0.37942477876106195 0.42812500000000003 0.1836283185840708 0.12812500000000002
4 0.8738938053097345 0.8460937500000001 0.16371681415929204 0.1171875
4 0.7776548672566371 0.53046875 0.24557522123893805 0.17343750000000002
4 0.7013274336283186 0.74921875 0.12389380530973451 0.0859375
