4 0.553125 0.5951834862385321 0.07187500000000001 0.10321100917431193
4 0.06640625 0.8761467889908258 0.07968750000000001 0.11467889908256881
4 0.45546875000000003 0.6938073394495413 0.1453125 0.21330275229357798
4 0.0484375 0.5928899082568808 0.07187500000000001 0.10321100917431193
4 0.8070312500000001 0.6181192660550459 0.06406250000000001 0.09403669724770643
4 0.8265625000000001 0.8727064220183487 0.09375 0.13532110091743121
4 0.58046875 0.27408256880733944 0.16718750000000002 0.24541284403669728
4 0.37578125 0.36353211009174313 0.1265625 0.18119266055045874
4 0.35234375 0.4610091743119266 0.0859375 0.12385321100917432
4 0.8601562500000001 0.3314220183486239 0.1328125 0.19495412844036697
4 0.3609375 0.7821100917431193 0.153125 0.22477064220183487
