4 0.15268065268065267 0.47968750000000004 0.11421911421911422 0.0625
4 0.24242424242424243 0.28203125 0.2331002331002331 0.1640625
4 0.8648018648018648 0.8671875 0.21445221445221446 0.15000000000000002
4 0.844988344988345 0.8679687500000001 0.19347319347319347 0.11406250000000001
4 0.7703962703962703 0.91015625 0.1048951048951049 0.060937500000000006
4 0.8368298368298368 0.503125 0.2191142191142191 0.13125
4 0.5326340326340326 0.56015625 0.19347319347319347 0.1078125
4 0.5874125874125874 0.8484375000000001 0.15384615384615385 0.10625000000000001
4 0.6643356643356644 0.7140625 0.21445221445221446 0.15000000000000002
4 0.7983682983682984 0.18828125 0.12354312354312354 0.0859375
4 0.7027972027972028 0.45078125 0.24475524475524477 0.1703125
