4 0.6535087719298245 0.184375 0.18421052631578946 0.125
4 0.5296052631578947 0.49296875 0.1557017543859649 0.15156250000000002
4 0.19298245614035087 0.72421875 0.24561403508771928 0.1765625
4 0.6030701754385964 0.09921875000000001 0.18421052631578946 0.1328125
4 0.7445175438596491 0.89765625 0.125 0.0890625
4 0.8771929824561403 0.19453125000000002 0.18421052631578946 0.1328125
4 0.11403508771929824 0.2484375 0.10526315789473684 0.07500000000000001
4 0.40789473684210525 0.51015625 0.2149122807017544 0.1546875
4 0.1293859649122807 0.49921875000000004 0.24561403508771928 0.1765625
4 0.42872807017543857 0.1796875 0.1644736842105263 0.11875000000000001
