4 0.875 0.3716216216216216 0.16562500000000002 0.23423423423423423
4 0.22265625 0.706081081081081 0.11406250000000001 0.1644144144144144
4 0.14609375 0.2972972972972973 0.1640625 0.22072072072072071
4 0.10312500000000001 0.615990990990991 0.109375 0.1554054054054054
4 0.78828125 0.9335585585585585 0.0859375 0.12387387387387387
4 0.1234375 0.11373873873873874 0.15000000000000002 0.21396396396396397
4 0.29375 0.2894144144144144 0.115625 0.1644144144144144
4 0.41875 0.4650900900900901 0.096875 0.07882882882882883
4 0.43203125000000003 0.5427927927927928 0.13593750000000002 0.19369369369369369
4 0.86484375 0.12387387387387387 0.13593750000000002 0.19369369369369369
