4 0.5879120879120879 0.48515625 0.24395604395604395 0.1765625
4 0.7186813186813187 0.8328125000000001 0.14505494505494507 0.10625000000000001
4 0.08681318681318681 0.8375 0.13406593406593406 0.096875
4 0.5153846153846153 0.37031250000000004 0.1956043956043956 0.12187500000000001
4 0.25824175824175827 0.36953125000000003 0.23516483516483516 0.15781250000000002
4 0.389010989010989 0.9320312500000001 0.1054945054945055 0.0765625
4 0.3626373626373626 0.08125 0.15384615384615385 0.09062500000000001
4 0.3087912087912088 0.859375 0.16483516483516483 0.11875000000000001
4 0.8428571428571429 0.078125 0.12527472527472527 0.09062500000000001
4 0.27472527472527475 0.22187500000000002 0.22417582417582418 0.16562500000000002
