4 0.2078125 0.8695652173913043 0.146875 0.2242562929061785
4 0.8109375000000001 0.5652173913043478 0.096875 0.12356979405034325
4 0.11171875 0.7883295194508009 0.11406250000000001 0.16704805491990846
4 0.15078125 0.5274599542334096 0.1078125 0.16247139588100687
4 0.11328125 0.7048054919908466 0.0734375 0.08695652173913043
4 0.0921875 0.6098398169336384 0.12187500000000001 0.1853546910755149
4 0.72265625 0.22540045766590389 0.0734375 0.09382151029748284
4 0.5703125 0.36727688787185353 0.140625 0.2036613272311213
4 0.85703125 0.7883295194508009 0.1328125 0.1945080091533181
4 0.15781250000000002 0.4393592677345538 0.08125 0.10526315789473684
4 0.375 0.8466819221967964 0.078125 0.11441647597254005
4 0.41484375 0.33981693363844395 0.09531250000000001 0.14416475972540047
