4 0.8921875 0.16379310344827586 0.06875 0.09482758620689655
4 0.23515625 0.7306034482758621 0.0703125 0.10775862068965517
4 0.2390625 0.5107758620689655 0.15625 0.22413793103448276
4 0.30312500000000003 0.7241379310344828 0.08750000000000001 0.09482758620689655
4 0.28515625 0.8599137931034483 0.1640625 0.22413793103448276
4 0.49453125000000003 0.2834051724137931 0.0921875 0.10560344827586207
4 0.675 0.8286637931034483 0.12187500000000001 0.17456896551724138
4 0.2734375 0.28663793103448276 0.06875 0.09482758620689655
4 0.43046875 0.6206896551724138 0.1078125 0.15517241379310345
4 0.6921875000000001 0.8577586206896551 0.065625 0.09482758620689655
4 0.765625 0.3943965517241379 0.14375000000000002 0.16379310344827586
