4 0.6742187500000001 0.5011135857461024 0.1453125 0.20489977728285078
4 0.45546875000000003 0.2461024498886414 0.1453125 0.20267260579064586
4 0.7859375000000001 0.12583518930957682 0.16562500000000002 0.23385300668151446
4 0.49921875000000004 0.1358574610244989 0.1234375 0.17371937639198218
4 0.37031250000000004 0.39309576837416477 0.10312500000000001 0.14476614699331847
4 0.49843750000000003 0.7216035634743875 0.125 0.17371937639198218
4 0.34218750000000003 0.5389755011135857 0.115625 0.16481069042316257
4 0.8359375 0.5044543429844098 0.08125 0.11358574610244988
4 0.34218750000000003 0.15256124721603562 0.10312500000000001 0.14476614699331847
4 0.92578125 0.22717149220489977 0.1171875 0.16481069042316257
4 0.84296875 0.32516703786191536 0.1234375 0.17371937639198218
4 0.8289062500000001 0.8708240534521158 0.1171875 0.16481069042316257
