4 0.25483870967741934 0.19140625 0.1053763440860215 0.06406250000000001
4 0.46559139784946235 0.16562500000000002 0.23440860215053763 0.171875
4 0.4946236559139785 0.6156250000000001 0.18494623655913978 0.134375
4 0.28279569892473116 0.5710937500000001 0.13548387096774195 0.09843750000000001
4 0.46559139784946235 0.8453125 0.16559139784946236 0.10312500000000001
4 0.4032258064516129 0.3453125 0.20430107526881722 0.171875
4 0.26129032258064516 0.08671875000000001 0.20430107526881722 0.1484375
4 0.4731182795698925 0.78828125 0.12473118279569892 0.0921875
4 0.21827956989247313 0.93515625 0.1053763440860215 0.0765625
4 0.5666666666666667 0.9421875000000001 0.14408602150537633 0.10625000000000001
4 0.7569892473118279 0.2171875 0.22365591397849463 0.16562500000000002
