4 0.860878661087866 0.3765625 0.19456066945606693 0.146875
4 0.50418410041841 0.390625 0.12552301255230125 0.09375
4 0.15690376569037656 0.6515625 0.23430962343096232 0.178125
4 0.561715481171548 0.553125 0.10669456066945605 0.13125
4 0.8828451882845187 0.12734375 0.20502092050209203 0.1546875
4 0.8776150627615062 0.9148437500000001 0.16527196652719664 0.1421875
4 0.9048117154811715 0.48984375 0.16527196652719664 0.1421875
4 0.11401673640167363 0.27187500000000003 0.19456066945606693 0.146875
4 0.34728033472803344 0.89765625 0.20502092050209203 0.1765625
4 0.4707112970711297 0.57421875 0.20502092050209203 0.1765625
