4 0.390625 0.46875 0.20535714285714285 0.153125
4 0.10491071428571427 0.8171875000000001 0.16517857142857142 0.1125
4 0.8761160714285714 0.4234375 0.10491071428571427 0.07187500000000001
4 0.5602678571428571 0.1625 0.09821428571428571 0.059375000000000004
4 0.5044642857142857 0.21250000000000002 0.21428571428571427 0.146875
4 0.8091517857142857 0.290625 0.10491071428571427 0.07187500000000001
4 0.5970982142857143 0.3171875 0.10491071428571427 0.07187500000000001
4 0.5825892857142857 0.87109375 0.21428571428571427 0.1484375
4 0.5212053571428571 0.44375000000000003 0.14955357142857142 0.109375
4 0.25558035714285715 0.6984375 0.19419642857142855 0.134375
4 0.6071428571428571 0.4609375 0.125 0.084375
4 0.30691964285714285 0.46406250000000004 0.10491071428571427 0.07187500000000001
