4 0.815625 0.5119047619047619 0.109375 0.17532467532467533
4 0.30234375 0.5248917748917749 0.1453125 0.20562770562770563
4 0.584375 0.75 0.07500000000000001 0.09740259740259741
4 0.5796875 0.18073593073593072 0.13125 0.17965367965367965
4 0.8640625000000001 0.8106060606060606 0.109375 0.17532467532467533
4 0.7109375 0.54004329004329 0.08125 0.11471861471861472
4 0.44296875 0.7207792207792207 0.16718750000000002 0.23376623376623376
4 0.6273437500000001 0.685064935064935 0.1453125 0.20562770562770563
4 0.2078125 0.3409090909090909 0.153125 0.24458874458874458
4 0.5609375 0.24783549783549783 0.109375 0.17532467532467533
