4 0.43359375 0.13986599664991625 0.1765625 0.18592964824120603
4 0.35234375 0.6407035175879398 0.1859375 0.19597989949748745
4 0.6328125 0.5268006700167505 0.1 0.10552763819095477
4 0.1921875 0.5368509212730318 0.21250000000000002 0.22278056951423786
4 0.7546875000000001 0.6775544388609716 0.1 0.10552763819095477
4 0.696875 0.8283082077051926 0.11875000000000001 0.12562814070351758
4 0.24375000000000002 0.347571189279732 0.203125 0.21608040201005024
4 0.8890625000000001 0.05443886097152429 0.1 0.10552763819095477
4 0.4625 0.9321608040201005 0.09062500000000001 0.09547738693467336
4 0.815625 0.5402010050251257 0.15625 0.1658291457286432
