4 0.17500000000000002 0.5627240143369175 0.171875 0.17562724014336917
4 0.2984375 0.5815412186379928 0.12187500000000001 0.14516129032258066
4 0.69140625 0.6075268817204301 0.2265625 0.21505376344086022
4 0.6109375 0.17383512544802868 0.134375 0.21505376344086022
4 0.7898437500000001 0.18189964157706093 0.1609375 0.1953405017921147
4 0.6765625000000001 0.1424731182795699 0.125 0.14516129032258066
4 0.88046875 0.9121863799283154 0.1078125 0.12544802867383512
4 0.91796875 0.46236559139784944 0.1484375 0.17562724014336917
4 0.46953125 0.2078853046594982 0.18281250000000002 0.21505376344086022
4 0.51328125 0.08243727598566308 0.1046875 0.12544802867383512
4 0.87109375 0.39336917562724016 0.0890625 0.1057347670250896
4 0.19843750000000002 0.20967741935483872 0.146875 0.17562724014336917
