4 0.29955456570155903 0.08203125 0.19376391982182628 0.13593750000000002
4 0.6915367483296213 0.7835937500000001 0.11358574610244988 0.07968750000000001
4 0.24498886414253895 0.1265625 0.13363028953229397 0.096875
4 0.7616926503340757 0.39453125 0.17371937639198218 0.1015625
4 0.5924276169265034 0.125 0.21380846325167036 0.15625
4 0.321826280623608 0.703125 0.23385300668151446 0.16875
4 0.22271714922048996 0.6117187500000001 0.21380846325167036 0.1328125
4 0.8296213808463251 0.7039062500000001 0.10467706013363029 0.0765625
4 0.420935412026726 0.36484375 0.24498886414253895 0.1765625
4 0.39309576837416477 0.36250000000000004 0.10467706013363029 0.07500000000000001
