4 0.3713389121338912 0.7375 0.21548117154811713 0.1375
4 0.7552301255230125 0.7429687500000001 0.17573221757322174 0.1296875
4 0.3629707112970711 0.8640625000000001 0.24476987447698742 0.18125000000000002
4 0.5115062761506276 0.6312500000000001 0.14435146443514643 0.10625000000000001
4 0.26778242677824265 0.59921875 0.09623430962343095 0.07968750000000001
4 0.612970711297071 0.2265625 0.10878661087866108 0.084375
4 0.7018828451882845 0.24609375 0.11506276150627615 0.0859375
4 0.6652719665271966 0.6828125 0.10460251046025104 0.078125
4 0.3211297071129707 0.57265625 0.16527196652719664 0.1203125
4 0.10774058577405857 0.8187500000000001 0.14435146443514643 0.10625000000000001
