4 0.42031250000000003 0.6746724890829694 0.10625000000000001 0.12663755458515283
4 0.38984375000000004 0.8144104803493449 0.17343750000000002 0.21397379912663755
4 0.24375000000000002 0.13100436681222707 0.07187500000000001 0.10480349344978165
4 0.7171875000000001 0.11899563318777293 0.12812500000000002 0.185589519650655
4 0.90390625 0.7543668122270742 0.11093750000000001 0.15502183406113537
4 0.51328125 0.12445414847161572 0.08281250000000001 0.11353711790393012
4 0.384375 0.4912663755458515 0.07187500000000001 0.10480349344978165
4 0.85859375 0.29366812227074235 0.13593750000000002 0.19432314410480347
4 0.7109375 0.695414847161572 0.134375 0.19432314410480347
4 0.34765625 0.09497816593886463 0.1328125 0.185589519650655
