4 0.38906250000000003 0.4194690265486726 0.0625 0.09911504424778761
4 0.71015625 0.36194690265486723 0.1203125 0.13628318584070798
4 0.25625000000000003 0.4592920353982301 0.2 0.21415929203539824
4 0.8523437500000001 0.5610619469026549 0.1390625 0.1663716814159292
4 0.20468750000000002 0.7150442477876107 0.19687500000000002 0.184070796460177
4 0.43593750000000003 0.4424778761061947 0.146875 0.14513274336283186
4 0.39609375 0.22389380530973452 0.19843750000000002 0.23539823008849559
4 0.24765625000000002 0.5752212389380531 0.1859375 0.17345132743362832
4 0.09296875 0.9247787610619469 0.1203125 0.13628318584070798
4 0.80234375 0.6539823008849558 0.09843750000000001 0.11504424778761062
4 0.796875 0.4654867256637168 0.09062500000000001 0.10619469026548672
4 0.32421875 0.4008849557522124 0.11093750000000001 0.12566371681415928
