4 0.16796875 0.8630289532293987 0.08281250000000001 0.11358574610244988
4 0.26484375 0.6102449888641425 0.1171875 0.16481069042316257
4 0.11640625 0.5712694877505567 0.1640625 0.23385300668151446
4 0.8984375 0.39643652561247217 0.15937500000000002 0.17817371937639198
4 0.565625 0.6302895322939867 0.146875 0.19599109131403117
4 0.940625 0.2594654788418708 0.1 0.11804008908685969
4 0.91328125 0.5267260579064588 0.1640625 0.23385300668151446
4 0.65390625 0.32962138084632514 0.0890625 0.12472160356347438
4 0.9125000000000001 0.17483296213808464 0.1375 0.19376391982182628
4 0.17890625000000002 0.5701559020044543 0.0671875 0.09354120267260578
4 0.5164062500000001 0.4977728285077951 0.1640625 0.23385300668151446
