5 0.4234375 0.3463203463203463 0.040625 0.23376623376623376
5 0.32109375 0.6190476190476191 0.0140625 0.09523809523809523
5 0.79453125 0.8582251082251082 0.0546875 0.21428571428571427
5 0.8406250000000001 0.47294372294372294 0.018750000000000003 0.11471861471861472
5 0.34921875 0.4036796536796537 0.029687500000000002 0.15367965367965367
5 0.5125000000000001 0.35173160173160173 0.040625 0.20562770562770563
5 0.5750000000000001 0.7207792207792207 0.021875000000000002 0.1341991341991342
5 0.31093750000000003 0.8463203463203464 0.028125 0.1645021645021645
5 0.22265625 0.8690476190476191 0.0328125 0.11471861471861472
5 0.09296875 0.4090909090909091 0.0203125 0.12554112554112554
5 0.49921875000000004 0.3235930735930736 0.035937500000000004 0.14502164502164502
5 0.40156250000000004 0.6309523809523809 0.025 0.15367965367965367
