5 0.09921875000000001 0.45929018789144044 0.0546875 0.19206680584551147
5 0.81953125 0.25574112734864296 0.0203125 0.11482254697286011
5 0.5890625 0.09916492693110646 0.059375000000000004 0.1649269311064718
5 0.7195312500000001 0.5553235908141961 0.08281250000000001 0.22546972860125258
5 0.5703125 0.8288100208768266 0.043750000000000004 0.22546972860125258
5 0.0546875 0.8392484342379958 0.07500000000000001 0.20459290187891438
5 0.24375000000000002 0.3549060542797494 0.07500000000000001 0.20459290187891438
5 0.09921875000000001 0.6252609603340291 0.0484375 0.24425887265135696
5 0.39453125 0.1659707724425887 0.0484375 0.13569937369519833
5 0.9007812500000001 0.8298538622129435 0.0671875 0.24425887265135696
5 0.39140625 0.32150313152400833 0.045312500000000006 0.12526096033402923
5 0.8070312500000001 0.8893528183716074 0.0546875 0.20459290187891438
