5 0.5971896955503513 0.80859375 0.09836065573770492 0.13593750000000002
5 0.3946135831381733 0.10703125000000001 0.02576112412177986 0.0421875
5 0.22482435597189696 0.3453125 0.10304449648711944 0.037500000000000006
5 0.7459016393442623 0.33046875000000003 0.1288056206088993 0.1765625
5 0.32084309133489464 0.1921875 0.1592505854800937 0.215625
5 0.65807962529274 0.8953125000000001 0.22482435597189696 0.084375
5 0.8501170960187353 0.6390625000000001 0.1451990632318501 0.053125000000000006
5 0.5971896955503513 0.5375 0.07494145199063232 0.16562500000000002
5 0.7775175644028103 0.47500000000000003 0.13114754098360656 0.20625000000000002
5 0.7962529274004684 0.253125 0.1451990632318501 0.19687500000000002
5 0.36768149882903983 0.1078125 0.09367681498829039 0.028125
