5 0.0890625 0.6593090211132437 0.025 0.12476007677543186
5 0.27578125000000003 0.6516314779270633 0.060937500000000006 0.20537428023032628
5 0.66796875 0.5067178502879078 0.0390625 0.13435700575815737
5 0.18281250000000002 0.08829174664107485 0.053125000000000006 0.13435700575815737
5 0.8992187500000001 0.14491362763915547 0.029687500000000002 0.10556621880998081
5 0.77265625 0.7111324376199616 0.0671875 0.22456813819577734
5 0.30859375 0.3387715930902111 0.13593750000000002 0.10172744721689059
5 0.54140625 0.8867562380038387 0.06406250000000001 0.21497120921305182
5 0.6039062500000001 0.7418426103646832 0.0484375 0.22456813819577734
5 0.540625 0.41938579654510555 0.20625000000000002 0.15547024952015354
5 0.659375 0.09500959692898273 0.037500000000000006 0.1746641074856046
5 0.9070312500000001 0.30614203454894434 0.1265625 0.09404990403071017
