5 0.1765625 0.30493273542600896 0.0625 0.18385650224215247
5 0.27734375 0.49551569506726456 0.045312500000000006 0.18385650224215247
5 0.5593750000000001 0.38228699551569506 0.10625000000000001 0.09192825112107623
5 0.31562500000000004 0.6524663677130045 0.05625 0.2242152466367713
5 0.390625 0.515695067264574 0.053125000000000006 0.21524663677130046
5 0.828125 0.05941704035874439 0.10625000000000001 0.09192825112107623
5 0.41953125 0.36434977578475336 0.13593750000000002 0.11883408071748879
5 0.484375 0.2589686098654708 0.028125 0.11434977578475336
5 0.040625 0.5224215246636771 0.03125 0.17488789237668162
5 0.9296875 0.7869955156950672 0.05625 0.2242152466367713
5 0.134375 0.7589686098654709 0.037500000000000006 0.2040358744394619
5 0.7234375000000001 0.5526905829596412 0.025 0.10538116591928251
