5 0.2390625 0.6044776119402985 0.246875 0.15991471215351813
5 0.6531250000000001 0.32409381663113007 0.043750000000000004 0.2046908315565032
5 0.73984375 0.5522388059701493 0.045312500000000006 0.11087420042643922
5 0.8828125 0.7547974413646056 0.10625000000000001 0.06823027718550106
5 0.234375 0.1929637526652452 0.021875000000000002 0.1044776119402985
5 0.8296875 0.5149253731343284 0.06875 0.19402985074626866
5 0.24609375 0.09808102345415778 0.23593750000000002 0.15351812366737738
5 0.40625 0.6481876332622601 0.03125 0.14498933901918976
5 0.7125 0.6428571428571428 0.065625 0.185501066098081
5 0.47187500000000004 0.6492537313432836 0.03125 0.1044776119402985
