5 0.12421875 0.315 0.23593750000000002 0.186
5 0.5906250000000001 0.20600000000000002 0.03125 0.116
5 0.56484375 0.748 0.045312500000000006 0.224
5 0.15156250000000002 0.101 0.0625 0.166
5 0.878125 0.389 0.0625 0.166
5 0.7296875 0.583 0.125 0.098
5 0.8148437500000001 0.5740000000000001 0.051562500000000004 0.136
5 0.7757812500000001 0.343 0.0390625 0.106
5 0.27890625 0.16 0.0171875 0.096
5 0.5328125 0.5750000000000001 0.15625 0.122
5 0.08750000000000001 0.10200000000000001 0.043750000000000004 0.116
5 0.0765625 0.721 0.040625 0.146
