5 0.7675233644859812 0.37890625 0.0630841121495327 0.1265625
5 0.1997663551401869 0.7484375000000001 0.10514018691588785 0.03125
5 0.1950934579439252 0.23046875 0.12850467289719625 0.1765625
5 0.5502336448598131 0.29375 0.2453271028037383 0.078125
5 0.5969626168224299 0.759375 0.17523364485981308 0.065625
5 0.5747663551401869 0.37031250000000004 0.07009345794392523 0.096875
5 0.5432242990654205 0.6882812500000001 0.0911214953271028 0.1765625
5 0.8376168224299064 0.7234375000000001 0.10514018691588785 0.146875
5 0.15186915887850466 0.67578125 0.1542056074766355 0.0484375
5 0.8539719626168224 0.2109375 0.1425233644859813 0.19687500000000002
