5 0.07065217391304347 0.07265625 0.09347826086956522 0.13593750000000002
5 0.4771739130434783 0.609375 0.058695652173913045 0.10625000000000001
5 0.14565217391304347 0.8796875000000001 0.052173913043478265 0.15625
5 0.42282608695652174 0.721875 0.03695652173913044 0.10625000000000001
5 0.7880434782608696 0.6156250000000001 0.09782608695652174 0.19687500000000002
5 0.02282608695652174 0.09531250000000001 0.03695652173913044 0.115625
5 0.5804347826086956 0.2515625 0.10434782608695653 0.215625
5 0.44130434782608696 0.3984375 0.052173913043478265 0.10625000000000001
5 0.6402173913043478 0.36562500000000003 0.14565217391304347 0.215625
5 0.175 0.82578125 0.058695652173913045 0.1765625
5 0.3869565217391304 0.5234375 0.05652173913043478 0.146875
5 0.44021739130434784 0.6328125 0.11521739130434783 0.146875
