5 0.9 0.18426966292134833 0.0625 0.18426966292134833
5 0.33437500000000003 0.7662921348314607 0.05625 0.17528089887640452
5 0.17734375000000002 0.17303370786516856 0.07968750000000001 0.23370786516853934
5 0.03828125 0.2269662921348315 0.0484375 0.14382022471910114
5 0.13046875 0.648314606741573 0.1265625 0.10112359550561799
5 0.14453125 0.698876404494382 0.0546875 0.23370786516853934
5 0.1296875 0.1606741573033708 0.040625 0.12359550561797754
5 0.44921875 0.3056179775280899 0.035937500000000004 0.17528089887640452
5 0.026562500000000003 0.6820224719101124 0.037500000000000006 0.16404494382022472
5 0.3828125 0.7044943820224719 0.06875 0.20449438202247192
