5 0.3799559471365639 0.3453125 0.11233480176211455 0.20625000000000002
5 0.29295154185022027 0.8132812500000001 0.09251101321585904 0.13593750000000002
5 0.2246696035242291 0.2 0.13656387665198239 0.19687500000000002
5 0.08700440528634362 0.14375000000000002 0.12555066079295155 0.040625
5 0.21475770925110135 0.9375 0.07268722466960353 0.10625000000000001
5 0.4834801762114538 0.39140625 0.12114537444933922 0.1765625
5 0.6420704845814978 0.7078125000000001 0.21365638766519826 0.07187500000000001
5 0.8997797356828194 0.18828125 0.14757709251101322 0.1765625
5 0.8568281938325992 0.30546875 0.2246696035242291 0.0890625
5 0.2323788546255507 0.1859375 0.13436123348017623 0.053125000000000006
5 0.4537444933920705 0.3984375 0.11453744493392072 0.037500000000000006
