5 0.28506787330316746 0.5421875 0.12669683257918554 0.215625
5 0.30090497737556565 0.87421875 0.16742081447963802 0.23593750000000002
5 0.5271493212669683 0.153125 0.15384615384615385 0.215625
5 0.7205882352941178 0.3640625 0.07466063348416291 0.10625000000000001
5 0.6018099547511313 0.878125 0.12669683257918554 0.15625
5 0.8031674208144797 0.7546875000000001 0.20361990950226247 0.246875
5 0.2647058823529412 0.58125 0.04072398190045249 0.115625
5 0.1742081447963801 0.47734375 0.16742081447963802 0.23593750000000002
5 0.24434389140271495 0.37890625 0.0497737556561086 0.1265625
5 0.15158371040723984 0.8390625 0.12217194570135748 0.20625000000000002
