5 0.5223004694835681 0.11015625000000001 0.20422535211267606 0.0765625
5 0.29694835680751175 0.3015625 0.15258215962441316 0.20625000000000002
5 0.4507042253521127 0.8031250000000001 0.051643192488262914 0.115625
5 0.2734741784037559 0.12265625000000001 0.12910798122065728 0.1765625
5 0.7640845070422535 0.54921875 0.11502347417840376 0.0421875
5 0.07863849765258216 0.9226562500000001 0.09154929577464789 0.1265625
5 0.17136150234741784 0.59375 0.18309859154929578 0.06875
5 0.4647887323943662 0.37265625 0.08450704225352113 0.13593750000000002
5 0.5938967136150235 0.3015625 0.14553990610328638 0.19687500000000002
5 0.3591549295774648 0.8421875000000001 0.051643192488262914 0.115625
5 0.7453051643192489 0.40859375000000003 0.11502347417840376 0.0421875
