5 0.9609375 0.47197309417040356 0.034375 0.19506726457399104
5 0.9320312500000001 0.3374439461883408 0.029687500000000002 0.12331838565022421
5 0.6859375000000001 0.8015695067264574 0.19687500000000002 0.1726457399103139
5 0.78671875 0.7320627802690582 0.1265625 0.10986547085201794
5 0.6578125 0.26905829596412556 0.0625 0.23766816143497757
5 0.5546875 0.8419282511210762 0.234375 0.2085201793721973
5 0.69296875 0.8867713004484304 0.13593750000000002 0.11883408071748879
5 0.634375 0.3811659192825112 0.05625 0.2242152466367713
5 0.56953125 0.3060538116591928 0.026562500000000003 0.1547085201793722
5 0.09296875 0.13228699551569506 0.0734375 0.21524663677130046
5 0.8421875000000001 0.257847533632287 0.0625 0.18385650224215247
5 0.30000000000000004 0.06502242152466367 0.021875000000000002 0.09417040358744394
