5 0.21328125 0.3635294117647058 0.035937500000000004 0.11529411764705881
5 0.6828125 0.8505882352941175 0.003125 0.09647058823529411
5 0.57734375 0.40117647058823525 0.051562500000000004 0.1952941176470588
5 0.6671875 0.868235294117647 0.028125 0.18352941176470586
5 0.16640625 0.3729411764705882 0.0203125 0.1341176470588235
5 0.44375000000000003 0.6529411764705881 0.021875000000000002 0.14352941176470588
5 0.36171875000000003 0.8317647058823529 0.035937500000000004 0.22352941176470587
5 0.6195312500000001 0.7670588235294117 0.029687500000000002 0.09411764705882353
5 0.90546875 0.30588235294117644 0.035937500000000004 0.2352941176470588
5 0.40859375000000003 0.38352941176470584 0.0171875 0.10352941176470587
5 0.37734375000000003 0.43882352941176467 0.0328125 0.21411764705882352
5 0.7093750000000001 0.36117647058823527 0.021875000000000002 0.14352941176470588
