5 0.8099352051835854 0.51171875 0.15550755939524838 0.0671875
5 0.3693304535637149 0.8859375 0.047516198704103674 0.096875
5 0.6317494600431965 0.41953125 0.04535637149028078 0.1265625
5 0.8023758099352052 0.084375 0.1144708423326134 0.05
5 0.19330453563714903 0.8984375 0.20518358531317496 0.09062500000000001
5 0.22030237580993522 0.37109375 0.05183585313174946 0.1171875
5 0.7257019438444925 0.853125 0.05183585313174946 0.146875
5 0.26889848812095035 0.47187500000000004 0.17062634989200864 0.09062500000000001
5 0.3844492440604752 0.4890625 0.05615550755939525 0.15625
5 0.18898488120950324 0.27734375 0.09287257019438445 0.1859375
5 0.2904967602591793 0.81171875 0.06695464362850972 0.13593750000000002
5 0.23326133909287258 0.96640625 0.12526997840172788 0.0546875
