5 0.22031250000000002 0.6016355140186915 0.20625000000000002 0.14719626168224298
5 0.890625 0.3714953271028037 0.10625000000000001 0.08878504672897196
5 0.9609375 0.6635514018691588 0.053125000000000006 0.16355140186915887
5 0.9539062500000001 0.866822429906542 0.0171875 0.09345794392523364
5 0.4296875 0.5514018691588785 0.046875 0.14485981308411214
5 0.4078125 0.7289719626168224 0.059375000000000004 0.21495327102803738
5 0.7781250000000001 0.625 0.03125 0.1144859813084112
5 0.56875 0.4567757009345794 0.096875 0.06775700934579439
5 0.71484375 0.08060747663551401 0.0421875 0.13317757009345793
5 0.3671875 0.6413551401869159 0.028125 0.10514018691588785
