5 0.12333333333333334 0.5015625 0.1 0.20625000000000002
5 0.8933333333333333 0.17734375000000002 0.10666666666666666 0.1765625
5 0.3288888888888889 0.3125 0.1511111111111111 0.215625
5 0.7744444444444445 0.22812500000000002 0.11777777777777777 0.19687500000000002
5 0.2688888888888889 0.1375 0.08444444444444445 0.19687500000000002
5 0.3788888888888889 0.9171875 0.06444444444444444 0.096875
5 0.8455555555555555 0.7507812500000001 0.04666666666666667 0.026562500000000003
5 0.23555555555555555 0.85078125 0.19555555555555557 0.06406250000000001
5 0.10444444444444445 0.20546875 0.07555555555555556 0.1765625
5 0.8011111111111111 0.8375 0.13111111111111112 0.215625
