5 0.87265625 0.2857142857142857 0.045312500000000006 0.13392857142857142
5 0.026562500000000003 0.5758928571428571 0.034375 0.125
5 0.503125 0.14397321428571427 0.03125 0.18526785714285712
5 0.27890625 0.29910714285714285 0.026562500000000003 0.16517857142857142
5 0.634375 0.07589285714285714 0.021875000000000002 0.13392857142857142
5 0.1390625 0.6752232142857143 0.015625 0.10491071428571427
5 0.33437500000000003 0.8470982142857142 0.0625 0.22544642857142855
5 0.28515625 0.8370535714285714 0.035937500000000004 0.21428571428571427
5 0.915625 0.3448660714285714 0.015625 0.10491071428571427
5 0.8140625 0.30245535714285715 0.03125 0.18526785714285712
5 0.73984375 0.3839285714285714 0.0203125 0.125
5 0.30781250000000004 0.5524553571428571 0.03125 0.11383928571428571
