5 0.043750000000000004 0.13063063063063063 0.025 0.1036036036036036
5 0.24375000000000002 0.6587837837837838 0.096875 0.21396396396396397
5 0.31796875 0.22297297297297297 0.09843750000000001 0.18468468468468469
5 0.18281250000000002 0.42004504504504503 0.037500000000000006 0.12387387387387387
5 0.909375 0.670045045045045 0.10312500000000001 0.1644144144144144
5 0.8703125 0.4358108108108108 0.115625 0.05630630630630631
5 0.7546875000000001 0.8569819819819819 0.215625 0.10585585585585586
5 0.53671875 0.5427927927927928 0.0421875 0.0945945945945946
5 0.37265625 0.7150900900900901 0.026562500000000003 0.20495495495495494
5 0.6546875000000001 0.7184684684684685 0.19687500000000002 0.12612612612612611
5 0.11328125 0.6779279279279279 0.1046875 0.19369369369369369
