5 0.43984375000000003 0.584051724137931 0.045312500000000006 0.21551724137931033
5 0.5671875000000001 0.5420258620689655 0.05 0.14439655172413793
5 0.52734375 0.5204741379310345 0.029687500000000002 0.14439655172413793
5 0.5390625 0.17995689655172414 0.034375 0.14439655172413793
5 0.46796875000000004 0.38362068965517243 0.0671875 0.1939655172413793
5 0.25390625 0.7327586206896551 0.0421875 0.125
5 0.64375 0.7650862068965517 0.16562500000000002 0.12931034482758622
5 0.87421875 0.7737068965517241 0.0328125 0.1336206896551724
5 0.29375 0.4795258620689655 0.053125000000000006 0.17456896551724138
5 0.9171875 0.783405172413793 0.03125 0.10560344827586207
5 0.109375 0.24676724137931033 0.0625 0.20474137931034483
