5 0.6585937500000001 0.8880434782608696 0.13593750000000002 0.11521739130434783
5 0.11796875000000001 0.7206521739130435 0.1765625 0.15
5 0.35078125000000004 0.8684782608695653 0.0390625 0.15434782608695652
5 0.6039062500000001 0.34782608695652173 0.0328125 0.17391304347826086
5 0.525 0.558695652173913 0.043750000000000004 0.23478260869565218
5 0.74609375 0.7532608695652174 0.13593750000000002 0.11521739130434783
5 0.78125 0.14456521739130435 0.215625 0.1847826086956522
5 0.41328125000000004 0.4326086956521739 0.0328125 0.17391304347826086
5 0.3796875 0.44021739130434784 0.10625000000000001 0.0891304347826087
5 0.3515625 0.5380434782608696 0.215625 0.1847826086956522
