5 0.3203125 0.5714285714285714 0.06875 0.14498933901918976
5 0.87265625 0.7889125799573561 0.029687500000000002 0.14498933901918976
5 0.8070312500000001 0.5511727078891258 0.1859375 0.11300639658848614
5 0.21796875000000002 0.3997867803837953 0.0328125 0.019189765458422173
5 0.08281250000000001 0.4040511727078891 0.034375 0.13432835820895522
5 0.7015625000000001 0.5831556503198294 0.16562500000000002 0.10021321961620469
5 0.33906250000000004 0.8795309168443497 0.021875000000000002 0.16417910447761194
5 0.290625 0.34008528784648184 0.20625000000000002 0.09594882729211088
5 0.33046875000000003 0.6897654584221748 0.13593750000000002 0.06183368869936034
5 0.625 0.31769722814498935 0.15625 0.2345415778251599
5 0.6273437500000001 0.5245202558635395 0.0546875 0.11513859275053305
5 0.19375 0.20575692963752665 0.146875 0.08742004264392324
