5 0.3697916666666667 0.7718750000000001 0.10625 0.16562500000000002
5 0.7708333333333334 0.4140625 0.075 0.16562500000000002
5 0.8770833333333333 0.8093750000000001 0.19583333333333333 0.06875
5 0.09166666666666666 0.60859375 0.15416666666666667 0.0546875
5 0.12708333333333333 0.571875 0.05 0.03125
5 0.6041666666666666 0.6625000000000001 0.05416666666666667 0.12187500000000001
5 0.13125 0.44921875 0.10416666666666667 0.2265625
5 0.5833333333333334 0.496875 0.1 0.215625
5 0.42083333333333334 0.578125 0.058333333333333334 0.10625000000000001
5 0.3208333333333333 0.8851562500000001 0.15416666666666667 0.0546875
5 0.3520833333333333 0.90390625 0.10416666666666667 0.1859375
5 0.315625 0.15937500000000002 0.08125 0.146875
