5 0.09955752212389381 0.225 0.13716814159292035 0.19687500000000002
5 0.4391592920353982 0.6203125 0.1747787610619469 0.06875
5 0.9402654867256637 0.884375 0.09292035398230089 0.215625
5 0.7621681415929203 0.26953125 0.13495575221238937 0.2265625
5 0.2665929203539823 0.5593750000000001 0.13495575221238937 0.19687500000000002
5 0.5973451327433629 0.203125 0.07964601769911504 0.115625
5 0.8207964601769911 0.23203125000000002 0.0752212389380531 0.1265625
5 0.23119469026548672 0.39765625000000004 0.08628318584070796 0.1765625
5 0.21017699115044247 0.8984375 0.07964601769911504 0.115625
5 0.4225663716814159 0.7562500000000001 0.12389380530973451 0.20625000000000002
5 0.6061946902654867 0.81953125 0.15486725663716813 0.060937500000000006
