5 0.6031390134529148 0.625 0.13452914798206278 0.05625
5 0.7701793721973094 0.17734375000000002 0.04708520179372197 0.1265625
5 0.3598654708520179 0.54921875 0.08744394618834081 0.1265625
5 0.33183856502242154 0.7664062500000001 0.14349775784753363 0.060937500000000006
5 0.7073991031390134 0.46171875 0.16816143497757846 0.23593750000000002
5 0.28139013452914796 0.1375 0.10986547085201794 0.15625
5 0.4910313901345291 0.43828125 0.09417040358744394 0.0390625
5 0.5291479820627802 0.06875 0.21524663677130046 0.09062500000000001
5 0.9136771300448431 0.2015625 0.10538116591928251 0.043750000000000004
5 0.8968609865470852 0.51953125 0.06726457399103139 0.1765625
