5 0.06640625 0.4002320185614849 0.029687500000000002 0.1136890951276102
5 0.76875 0.7900232018561485 0.034375 0.0951276102088167
5 0.5015625 0.7819025522041763 0.05 0.21345707656612528
5 0.56640625 0.5498839907192575 0.0421875 0.1345707656612529
5 0.8265625000000001 0.17633410672853828 0.043750000000000004 0.1345707656612529
5 0.36250000000000004 0.5243619489559165 0.05 0.1345707656612529
5 0.52578125 0.2842227378190255 0.0421875 0.22505800464037123
5 0.95078125 0.388631090487239 0.0140625 0.0951276102088167
5 0.68515625 0.13921113689095127 0.0328125 0.20417633410672853
5 0.8695312500000001 0.5556844547563805 0.0328125 0.10440835266821345
5 0.3203125 0.5533642691415313 0.040625 0.24361948955916474
5 0.16015625 0.6937354988399071 0.035937500000000004 0.19489559164733178
