5 0.2015625 0.45878524945770066 0.046875 0.24511930585683298
5 0.39140625 0.2418655097613883 0.2265625 0.19305856832971802
5 0.94140625 0.7613882863340564 0.0328125 0.1735357917570499
5 0.7390625000000001 0.8915401301518439 0.06875 0.19522776572668113
5 0.29296875 0.3383947939262473 0.026562500000000003 0.10412147505422994
5 0.9125000000000001 0.6258134490238612 0.096875 0.08026030368763558
5 0.8609375 0.4696312364425163 0.15625 0.13232104121475055
5 0.6078125000000001 0.710412147505423 0.053125000000000006 0.1843817787418655
5 0.61875 0.2874186550976139 0.05625 0.21475054229934926
5 0.64453125 0.7288503253796096 0.060937500000000006 0.23427331887201736
