5 0.15859375 0.6446759259259259 0.026562500000000003 0.11342592592592592
5 0.875 0.8900462962962963 0.053125000000000006 0.16435185185185183
5 0.051562500000000004 0.53125 0.05625 0.23379629629629628
5 0.81171875 0.7905092592592592 0.029687500000000002 0.1736111111111111
5 0.46328125000000003 0.6608796296296295 0.0390625 0.22453703703703703
5 0.721875 0.6041666666666666 0.046875 0.19444444444444442
5 0.33125000000000004 0.5601851851851851 0.059375000000000004 0.24537037037037035
5 0.8968750000000001 0.1284722222222222 0.037500000000000006 0.21527777777777776
5 0.77109375 0.4143518518518518 0.0203125 0.125
5 0.46406250000000004 0.3900462962962963 0.115625 0.10416666666666666
