5 0.17120181405895693 0.5953125 0.11111111111111112 0.15625
5 0.4863945578231293 0.25625000000000003 0.09750566893424037 0.171875
5 0.9387755102040817 0.44609375 0.08616780045351474 0.2265625
5 0.5170068027210885 0.68671875 0.163265306122449 0.2265625
5 0.4070294784580499 0.775 0.21541950113378686 0.09062500000000001
5 0.42063492063492064 0.3171875 0.08390022675736962 0.215625
5 0.7743764172335601 0.8523437500000001 0.12471655328798187 0.051562500000000004
5 0.6156462585034014 0.40390625 0.12471655328798187 0.051562500000000004
5 0.8673469387755103 0.25390625 0.1836734693877551 0.0765625
5 0.47278911564625853 0.3296875 0.11111111111111112 0.15625
5 0.11111111111111112 0.49765625 0.163265306122449 0.2265625
