5 0.49781181619256015 0.27890625 0.12035010940919037 0.1765625
5 0.8566739606126914 0.71484375 0.045951859956236324 0.1265625
5 0.8041575492341356 0.71015625 0.09409190371991247 0.1859375
5 0.4835886214442013 0.9710937500000001 0.1050328227571116 0.045312500000000006
5 0.611597374179431 0.55078125 0.08971553610503281 0.1765625
5 0.6028446389496718 0.565625 0.07221006564551422 0.10625000000000001
5 0.24945295404814002 0.86875 0.1137855579868709 0.16562500000000002
5 0.9354485776805251 0.2578125 0.11159737417943107 0.215625
5 0.12800875273522974 0.5085937500000001 0.12035010940919037 0.1765625
5 0.38293216630196936 0.7679687500000001 0.1050328227571116 0.045312500000000006
