5 0.909375 0.46162790697674416 0.16562500000000002 0.10930232558139535
5 0.7125 0.3430232558139535 0.053125000000000006 0.1744186046511628
5 0.7562500000000001 0.5232558139534884 0.025 0.19534883720930232
5 0.52109375 0.40930232558139534 0.0890625 0.046511627906976744
5 0.2703125 0.13604651162790699 0.13125 0.06744186046511627
5 0.32421875 0.18953488372093022 0.1078125 0.2441860465116279
5 0.88671875 0.4569767441860465 0.0140625 0.12325581395348836
5 0.3609375 0.6290697674418605 0.16562500000000002 0.10930232558139535
5 0.15703125 0.6616279069767442 0.0859375 0.16511627906976745
5 0.05234375 0.8593023255813953 0.0484375 0.2441860465116279
5 0.534375 0.4965116279069767 0.12187500000000001 0.23488372093023255
5 0.43828125 0.11395348837209301 0.2265625 0.11627906976744186
