5 0.5790598290598291 0.50546875 0.08974358974358976 0.13593750000000002
5 0.3301282051282052 0.87109375 0.16880341880341881 0.07968750000000001
5 0.7072649572649573 0.15937500000000002 0.18376068376068377 0.07500000000000001
5 0.716880341880342 0.2984375 0.24572649572649574 0.084375
5 0.21260683760683763 0.23515625 0.19444444444444448 0.0671875
5 0.2820512820512821 0.47734375 0.11111111111111112 0.23593750000000002
5 0.420940170940171 0.46406250000000004 0.10256410256410257 0.215625
5 0.22649572649572652 0.8757812500000001 0.12393162393162395 0.1859375
5 0.3717948717948718 0.421875 0.20512820512820515 0.084375
5 0.08547008547008547 0.44843750000000004 0.1452991452991453 0.215625
