5 0.12609649122807018 0.8617187500000001 0.09429824561403508 0.1859375
5 0.6140350877192982 0.27421875 0.15350877192982454 0.0671875
5 0.9375 0.19296875000000002 0.06359649122807018 0.1265625
5 0.3991228070175438 0.33359375 0.08333333333333333 0.1265625
5 0.27850877192982454 0.5765625 0.08333333333333333 0.16562500000000002
5 0.12719298245614036 0.3828125 0.05263157894736842 0.10625000000000001
5 0.40679824561403505 0.37734375000000003 0.1644736842105263 0.0703125
5 0.4550438596491228 0.20390625 0.09429824561403508 0.1859375
5 0.4046052631578947 0.6804687500000001 0.1293859649122807 0.1859375
5 0.8344298245614035 0.26015625000000003 0.046052631578947366 0.1265625
