5 0.44062500000000004 0.4857142857142857 0.05 0.22417582417582418
5 0.47421875 0.5582417582417583 0.0328125 0.18461538461538463
5 0.946875 0.4461538461538462 0.028125 0.15384615384615385
5 0.10703125000000001 0.45274725274725275 0.0390625 0.2153846153846154
5 0.60859375 0.36043956043956044 0.026562500000000003 0.05274725274725275
5 0.83359375 0.17472527472527472 0.0421875 0.16483516483516483
5 0.39140625 0.5230769230769231 0.0578125 0.22417582417582418
5 0.6062500000000001 0.43846153846153846 0.19687500000000002 0.16923076923076924
5 0.6000000000000001 0.25164835164835164 0.0625 0.24395604395604395
5 0.78046875 0.6813186813186813 0.035937500000000004 0.14505494505494507
5 0.41015625 0.6593406593406593 0.0171875 0.1054945054945055
