5 0.5806818181818182 0.8382812500000001 0.125 0.23593750000000002
5 0.2727272727272727 0.28828125 0.09545454545454544 0.0390625
5 0.5727272727272728 0.44609375 0.18181818181818182 0.0859375
5 0.28409090909090906 0.5484375 0.10454545454545454 0.146875
5 0.09772727272727272 0.32734375000000004 0.15454545454545454 0.06406250000000001
5 0.7147727272727272 0.41953125 0.1159090909090909 0.051562500000000004
5 0.7897727272727272 0.76953125 0.1340909090909091 0.1859375
5 0.4386363636363636 0.5320312500000001 0.17727272727272728 0.24531250000000002
5 0.5181818181818182 0.184375 0.05909090909090909 0.15625
5 0.44999999999999996 0.51328125 0.09090909090909091 0.23593750000000002
5 0.42727272727272725 0.8718750000000001 0.19545454545454544 0.08125
5 0.7943181818181818 0.47265625 0.08863636363636364 0.1265625
