5 0.1375 0.08099352051835854 0.053125000000000006 0.14902807775377971
5 0.1375 0.15982721382289417 0.053125000000000006 0.15550755939524838
5 0.3140625 0.3434125269978402 0.028125 0.16414686825053998
5 0.2171875 0.3531317494600432 0.028125 0.14470842332613393
5 0.9515625000000001 0.49136069114470843 0.053125000000000006 0.183585313174946
5 0.3375 0.6090712742980562 0.046875 0.13390928725701945
5 0.1015625 0.4233261339092873 0.021875000000000002 0.13390928725701945
5 0.4078125 0.2818574514038877 0.065625 0.183585313174946
5 0.81640625 0.49136069114470843 0.035937500000000004 0.20518358531317496
5 0.7796875000000001 0.224622030237581 0.05625 0.19438444924406048
5 0.7171875000000001 0.4146868250539957 0.05625 0.19438444924406048
5 0.078125 0.6015118790496761 0.05 0.14470842332613393
