5 0.5568927789934355 0.45703125 0.06783369803063458 0.13593750000000002
5 0.6072210065645514 0.753125 0.037199124726477024 0.1
5 0.3041575492341357 0.8296875 0.10065645514223194 0.19375
5 0.2210065645514223 0.084375 0.17067833698030635 0.07500000000000001
5 0.25711159737417943 0.06640625 0.22538293216630195 0.09843750000000001
5 0.5645514223194749 0.634375 0.17067833698030635 0.246875
5 0.399343544857768 0.13046875 0.06783369803063458 0.13593750000000002
5 0.4956236323851203 0.5789062500000001 0.2035010940919037 0.0890625
5 0.07768052516411378 0.74375 0.11159737417943107 0.215625
5 0.2975929978118162 0.6312500000000001 0.1575492341356674 0.21875
5 0.3052516411378556 0.49140625000000004 0.12035010940919037 0.1765625
