6 0.6625000000000001 0.6648106904231625 0.15937500000000002 0.23385300668151446
6 0.35000000000000003 0.20601336302895323 0.10625000000000001 0.14476614699331847
6 0.61328125 0.5189309576837416 0.0921875 0.12472160356347438
6 0.81640625 0.3730512249443207 0.09531250000000001 0.14476614699331847
6 0.85546875 0.16481069042316257 0.1453125 0.21380846325167036
6 0.07187500000000001 0.6792873051224944 0.09062500000000001 0.13363028953229397
6 0.8359375 0.5857461024498886 0.1 0.13363028953229397
6 0.2484375 0.5835189309576837 0.134375 0.20489977728285078
6 0.92578125 0.8897550111358574 0.1046875 0.15367483296213807
6 0.43671875000000004 0.12694877505567928 0.1390625 0.20489977728285078
6 0.57578125 0.8552338530066814 0.0921875 0.12472160356347438
6 0.30234375 0.3240534521158129 0.13593750000000002 0.18485523385300667
