6 0.7036199095022625 0.5359375000000001 0.14479638009049775 0.109375
6 0.4536199095022625 0.80859375 0.13348416289592763 0.0890625
6 0.1979638009049774 0.4625 0.16063348416289594 0.12187500000000001
6 0.23416289592760184 0.7453125 0.07013574660633484 0.05
6 0.8721719457013576 0.36171875000000003 0.13348416289592763 0.1046875
6 0.8653846153846154 0.51484375 0.2149321266968326 0.1421875
6 0.3552036199095023 0.5320312500000001 0.19457013574660637 0.1328125
6 0.7658371040723982 0.775 0.1742081447963801 0.115625
6 0.07692307692307693 0.328125 0.15384615384615385 0.096875
6 0.2703619909502263 0.7664062500000001 0.13348416289592763 0.0890625
6 0.40610859728506793 0.6515625 0.2149321266968326 0.16562500000000002
6 0.12217194570135748 0.41328125000000004 0.20361990950226247 0.15156250000000002
