6 0.8609375 0.4393939393939394 0.1375 0.19347319347319347
6 0.5875 0.6072261072261073 0.065625 0.1655011655011655
6 0.80859375 0.8333333333333334 0.0703125 0.11421911421911422
6 0.8812500000000001 0.23892773892773891 0.08125 0.11421911421911422
6 0.6781250000000001 0.6165501165501166 0.12812500000000002 0.17016317016317017
6 0.6507812500000001 0.3776223776223776 0.07968750000000001 0.06993006993006994
6 0.75 0.2925407925407925 0.11875000000000001 0.18414918414918416
6 0.64375 0.8088578088578089 0.16562500000000002 0.2331002331002331
6 0.6484375 0.4801864801864802 0.10312500000000001 0.16317016317016317
6 0.890625 0.7668997668997669 0.140625 0.22377622377622378
6 0.63203125 0.0944055944055944 0.1296875 0.18414918414918416
