6 0.8515625 0.7575757575757576 0.115625 0.16317016317016317
6 0.26875 0.34265734265734266 0.12812500000000002 0.2331002331002331
6 0.10546875 0.6468531468531469 0.13593750000000002 0.19347319347319347
6 0.45078125 0.8694638694638694 0.15781250000000002 0.22377622377622378
6 0.15234375 0.175990675990676 0.0734375 0.11888111888111888
6 0.8765625 0.34615384615384615 0.08750000000000001 0.12354312354312354
6 0.08125 0.3951048951048951 0.025 0.06293706293706294
6 0.15390625000000002 0.34965034965034963 0.1640625 0.2331002331002331
6 0.49765625 0.5512820512820513 0.0734375 0.11421911421911422
6 0.6976562500000001 0.6351981351981352 0.1484375 0.22144522144522144
6 0.1046875 0.6503496503496503 0.09375 0.1351981351981352
6 0.62890625 0.289044289044289 0.0921875 0.15384615384615385
