6 0.5515625000000001 0.45568181818181813 0.09062500000000001 0.125
6 0.059375000000000004 0.3670454545454545 0.115625 0.175
6 0.51875 0.24318181818181817 0.0625 0.09545454545454544
6 0.7976562500000001 0.47159090909090906 0.0671875 0.1340909090909091
6 0.7875000000000001 0.24545454545454545 0.178125 0.24545454545454545
6 0.28984375 0.35454545454545455 0.0921875 0.14545454545454545
6 0.828125 0.5795454545454545 0.06875 0.09545454545454544
6 0.68515625 0.45568181818181813 0.1703125 0.23409090909090907
6 0.16640625 0.8795454545454545 0.0734375 0.11363636363636363
6 0.41718750000000004 0.3931818181818182 0.11875000000000001 0.16363636363636364
6 0.19921875 0.6375 0.1484375 0.22499999999999998
