6 0.09185803757828809 0.92578125 0.1753653444676409 0.1234375
6 0.47807933194154484 0.35000000000000003 0.23382045929018785 0.16562500000000002
6 0.17954070981210854 0.55078125 0.20459290187891438 0.1328125
6 0.29958246346555323 0.815625 0.1649269311064718 0.13125
6 0.42901878914405006 0.32890625 0.1649269311064718 0.1171875
6 0.4039665970772442 0.63828125 0.10229645093945719 0.08281250000000001
6 0.5073068893528183 0.6703125000000001 0.20459290187891438 0.1625
6 0.8204592901878913 0.6796875 0.1753653444676409 0.134375
6 0.6263048016701461 0.70625 0.1544885177453027 0.109375
6 0.20146137787056365 0.58984375 0.19415448851774528 0.1546875
