6 0.11640625 0.6342281879194631 0.1453125 0.21252796420581654
6 0.12109375 0.34563758389261745 0.11093750000000001 0.16331096196868009
6 0.14453125 0.7919463087248322 0.1390625 0.18344519015659955
6 0.8953125000000001 0.8333333333333334 0.18125000000000002 0.19463087248322147
6 0.30312500000000003 0.25167785234899326 0.19062500000000002 0.203579418344519
6 0.45234375000000004 0.8076062639821029 0.1171875 0.174496644295302
6 0.34453125 0.31431767337807603 0.1234375 0.16331096196868009
6 0.72578125 0.3657718120805369 0.0890625 0.12751677852348994
6 0.39765625000000004 0.5357941834451901 0.1015625 0.14541387024608501
6 0.5750000000000001 0.37024608501118567 0.16562500000000002 0.22595078299776286
6 0.628125 0.5425055928411633 0.2 0.2080536912751678
6 0.6734375 0.4697986577181208 0.1625 0.174496644295302
