6 0.26210526315789473 0.29296875 0.1957894736842105 0.1078125
6 0.17894736842105263 0.60859375 0.18526315789473685 0.1421875
6 0.8052631578947368 0.33984375 0.11578947368421053 0.08281250000000001
6 0.6936842105263158 0.446875 0.17473684210526316 0.12812500000000002
6 0.22210526315789472 0.7671875 0.06947368421052631 0.03125
6 0.35157894736842105 0.85078125 0.18947368421052632 0.11406250000000001
6 0.7978947368421052 0.6882812500000001 0.13473684210526315 0.09843750000000001
6 0.4842105263157895 0.15000000000000002 0.18526315789473685 0.134375
6 0.5126315789473684 0.7835937500000001 0.09473684210526316 0.0703125
6 0.21473684210526314 0.8328125000000001 0.18526315789473685 0.10312500000000001
6 0.3136842105263158 0.77890625 0.13473684210526315 0.0921875
