6 0.7210937500000001 0.6198630136986301 0.0921875 0.12100456621004566
6 0.8203125 0.12100456621004566 0.15937500000000002 0.1735159817351598
6 0.60078125 0.7009132420091324 0.0921875 0.1643835616438356
6 0.35859375000000004 0.7945205479452054 0.11406250000000001 0.1735159817351598
6 0.34218750000000003 0.4840182648401826 0.140625 0.1552511415525114
6 0.7234375000000001 0.7945205479452054 0.078125 0.1050228310502283
6 0.87421875 0.46803652968036524 0.11406250000000001 0.1735159817351598
6 0.75 0.2876712328767123 0.06875 0.1050228310502283
6 0.509375 0.7168949771689497 0.15937500000000002 0.1735159817351598
6 0.58203125 0.47146118721461183 0.1765625 0.19406392694063926
6 0.057031250000000006 0.4452054794520548 0.09531250000000001 0.1050228310502283
6 0.703125 0.5068493150684932 0.07500000000000001 0.1141552511415525
