6 0.14609375 0.6840354767184036 0.09843750000000001 0.14412416851441243
6 0.9546875 0.4722838137472284 0.065625 0.12416851441241686
6 0.76953125 0.6929046563192904 0.0203125 0.09534368070953436
6 0.79296875 0.5022172949002217 0.0921875 0.1352549889135255
6 0.19609375 0.21840354767184036 0.13593750000000002 0.18403547671840353
6 0.8421875000000001 0.6917960088691796 0.134375 0.1951219512195122
6 0.6257812500000001 0.3082039911308204 0.1421875 0.2039911308203991
6 0.93359375 0.47671840354767187 0.09531250000000001 0.11529933481152993
6 0.27265625 0.8181818181818182 0.1390625 0.2039911308203991
6 0.8382812500000001 0.3004434589800443 0.13593750000000002 0.18403547671840353
6 0.1953125 0.49667405764966743 0.14375000000000002 0.1951219512195122
