6 0.39453125 0.8106694560669455 0.0765625 0.11506276150627615
6 0.12890625 0.7269874476987447 0.1484375 0.2238493723849372
6 0.62109375 0.40899581589958156 0.1484375 0.21548117154811713
6 0.2484375 0.37970711297071125 0.15625 0.2238493723849372
6 0.640625 0.10669456066945605 0.15937500000000002 0.20502092050209203
6 0.12421875 0.6621338912133891 0.1046875 0.14435146443514643
6 0.14453125 0.26778242677824265 0.0859375 0.12552301255230125
6 0.18046875 0.41841004184100417 0.1265625 0.1924686192468619
6 0.55859375 0.8807531380753137 0.0859375 0.12552301255230125
6 0.7265625 0.46966527196652713 0.17500000000000002 0.2238493723849372
6 0.08671875000000001 0.1317991631799163 0.1484375 0.20502092050209203
6 0.11484375000000001 0.4351464435146443 0.1203125 0.15481171548117154
