6 0.6359375 0.18878718535469108 0.10312500000000001 0.15331807780320367
6 0.8765625 0.7196796338672768 0.0625 0.09382151029748284
6 0.40156250000000004 0.3890160183066362 0.08125 0.12356979405034325
6 0.17343750000000002 0.41304347826086957 0.096875 0.13501144164759726
6 0.42812500000000003 0.6636155606407322 0.125 0.17391304347826086
6 0.19375 0.6716247139588101 0.146875 0.1853546910755149
6 0.1078125 0.7986270022883295 0.07500000000000001 0.10526315789473684
6 0.45156250000000003 0.28718535469107553 0.1375 0.2036613272311213
6 0.20468750000000002 0.14874141876430205 0.125 0.17391304347826086
6 0.82578125 0.5743707093821511 0.1171875 0.16475972540045766
