6 0.4903846153846154 0.625 0.21153846153846156 0.12187500000000001
6 0.8183760683760685 0.6203125 0.23504273504273507 0.1625
6 0.7136752136752137 0.84765625 0.15384615384615385 0.1203125
6 0.5673076923076924 0.55703125 0.20299145299145302 0.1546875
6 0.32371794871794873 0.3609375 0.10470085470085472 0.08125
6 0.2200854700854701 0.20546875 0.17521367521367523 0.13593750000000002
6 0.4348290598290599 0.47500000000000003 0.2243589743589744 0.17500000000000002
6 0.420940170940171 0.1546875 0.18376068376068377 0.14375000000000002
6 0.7735042735042735 0.61640625 0.11538461538461539 0.0859375
6 0.5534188034188035 0.0546875 0.12393162393162395 0.096875
