6 0.6165158371040724 0.45234375000000004 0.165158371040724 0.1078125
6 0.3416289592760181 0.765625 0.14479638009049775 0.084375
6 0.8009049773755657 0.775 0.10407239819004525 0.06875
6 0.4298642533936652 0.48828125 0.14932126696832582 0.11093750000000001
6 0.22171945701357468 0.60078125 0.15384615384615385 0.1015625
6 0.2907239819004525 0.49296875 0.1742081447963801 0.1234375
6 0.2748868778280543 0.87265625 0.2239819004524887 0.1640625
6 0.4400452488687783 0.571875 0.13348416289592763 0.08750000000000001
6 0.6436651583710408 0.63671875 0.12443438914027151 0.0890625
6 0.6368778280542987 0.28671875 0.2149321266968326 0.1265625
6 0.3823529411764706 0.8734375000000001 0.20361990950226247 0.134375
