6 0.75 0.940625 0.1651376146788991 0.1125
6 0.7924311926605505 0.23828125 0.10321100917431193 0.0703125
6 0.7006880733944955 0.7781250000000001 0.15366972477064222 0.10625000000000001
6 0.4621559633027523 0.12578125 0.19495412844036697 0.1421875
6 0.75 0.28750000000000003 0.11926605504587157 0.07500000000000001
6 0.1834862385321101 0.19609375 0.1834862385321101 0.13593750000000002
6 0.6513761467889909 0.5593750000000001 0.1743119266055046 0.12187500000000001
6 0.39564220183486243 0.03671875 0.09403669724770643 0.060937500000000006
6 0.676605504587156 0.34140625 0.11467889908256881 0.08281250000000001
6 0.8337155963302753 0.32421875 0.14449541284403672 0.11093750000000001
6 0.7350917431192661 0.37734375000000003 0.15366972477064222 0.1078125
6 0.16284403669724773 0.0859375 0.1651376146788991 0.10625000000000001
