6 0.3284518828451883 0.8828125 0.17573221757322174 0.096875
6 0.7301255230125523 0.50390625 0.13389121338912133 0.09843750000000001
6 0.7290794979079497 0.61875 0.21548117154811713 0.15937500000000002
6 0.6893305439330544 0.7664062500000001 0.11506276150627615 0.0890625
6 0.756276150627615 0.5859375 0.14435146443514643 0.10625000000000001
6 0.647489539748954 0.25390625 0.11506276150627615 0.06406250000000001
6 0.4152719665271966 0.39453125 0.21548117154811713 0.16718750000000002
6 0.9110878661087866 0.81015625 0.16527196652719664 0.0921875
6 0.2719665271966527 0.10234375000000001 0.15481171548117154 0.1203125
6 0.3274058577405857 0.5484375 0.24476987447698742 0.18125000000000002
6 0.6631799163179916 0.8601562500000001 0.15481171548117154 0.0859375
