6 0.40156250000000004 0.7297297297297298 0.10312500000000001 0.125
6 0.73203125 0.7415540540540541 0.2078125 0.21621621621621623
6 0.33203125 0.40371621621621623 0.0328125 0.04054054054054054
6 0.09453125000000001 0.856418918918919 0.1609375 0.20608108108108109
6 0.26796875000000003 0.5025337837837838 0.2078125 0.20777027027027029
6 0.79453125 0.14358108108108109 0.11406250000000001 0.125
6 0.5476562500000001 0.23141891891891894 0.22031250000000002 0.24662162162162163
6 0.23203125000000002 0.8699324324324325 0.1796875 0.18581081081081083
6 0.2390625 0.4239864864864865 0.15000000000000002 0.17567567567567569
6 0.309375 0.22972972972972974 0.17500000000000002 0.19594594594594594
6 0.5320312500000001 0.5 0.16718750000000002 0.18581081081081083
6 0.7203125 0.5371621621621622 0.16875 0.18581081081081083
