6 0.7437070938215103 0.8093750000000001 0.12356979405034325 0.084375
6 0.6407322654462243 0.6351562500000001 0.054919908466819226 0.029687500000000002
6 0.6064073226544623 0.35625 0.2242562929061785 0.15937500000000002
6 0.7940503432494279 0.4296875 0.16475972540045766 0.084375
6 0.465675057208238 0.26640625 0.10297482837528604 0.0734375
6 0.6224256292906178 0.5546875 0.17848970251716248 0.13125
6 0.7322654462242563 0.5953125 0.2151029748283753 0.14375000000000002
6 0.34553775743707094 0.22187500000000002 0.2242562929061785 0.15000000000000002
6 0.18421052631578946 0.90625 0.14416475972540047 0.10312500000000001
6 0.35812356979405036 0.06484375 0.1945080091533181 0.09843750000000001
6 0.914187643020595 0.578125 0.15331807780320367 0.10312500000000001
6 0.08009153318077804 0.32656250000000003 0.12356979405034325 0.078125
