6 0.30546875 0.7557471264367815 0.09843750000000001 0.12452107279693486
6 0.12734375 0.5795019157088123 0.1859375 0.23563218390804597
6 0.18828125 0.44923371647509575 0.08281250000000001 0.1053639846743295
6 0.36640625000000004 0.17337164750957854 0.1796875 0.23563218390804597
6 0.534375 0.8113026819923371 0.12187500000000001 0.15517241379310345
6 0.815625 0.22030651340996169 0.11875000000000001 0.05747126436781609
6 0.8953125000000001 0.15134099616858238 0.07500000000000001 0.11494252873563218
6 0.26406250000000003 0.34099616858237547 0.09062500000000001 0.11494252873563218
6 0.66171875 0.4243295019157088 0.1421875 0.18582375478927202
6 0.8132812500000001 0.4300766283524904 0.1796875 0.23563218390804597
6 0.8421875000000001 0.8256704980842912 0.1 0.11494252873563218
6 0.80625 0.11206896551724137 0.1625 0.20498084291187738
