6 0.60859375 0.5273684210526316 0.051562500000000004 0.01894736842105263
6 0.8695312500000001 0.7263157894736842 0.0734375 0.05052631578947368
6 0.15703125 0.8273684210526315 0.0765625 0.10526315789473684
6 0.7835937500000001 0.9147368421052632 0.1046875 0.14105263157894737
6 0.6570312500000001 0.6989473684210527 0.1046875 0.13473684210526315
6 0.8523437500000001 0.8452631578947368 0.1953125 0.22526315789473683
6 0.2234375 0.7947368421052632 0.096875 0.12421052631578947
6 0.5265625 0.08736842105263158 0.125 0.17473684210526316
6 0.6359375 0.40210526315789474 0.21250000000000002 0.24421052631578946
6 0.55625 0.42736842105263156 0.15625 0.21473684210526314
