6 0.5214446952595936 0.48828125 0.15349887133182843 0.1046875
6 0.7968397291196387 0.3921875 0.19413092550790065 0.14375000000000002
6 0.7392776523702032 0.55390625 0.11963882618510158 0.08281250000000001
6 0.6376975169300225 0.6265625 0.21444695259593677 0.15937500000000002
6 0.8002257336343115 0.21171875 0.20541760722347627 0.1421875
6 0.22121896162528215 0.58515625 0.0948081264108352 0.0671875
6 0.7257336343115124 0.36640625000000004 0.22799097065462753 0.18281250000000002
6 0.837471783295711 0.49609375 0.15349887133182843 0.1015625
6 0.7742663656884875 0.353125 0.0948081264108352 0.0625
6 0.5530474040632054 0.42109375000000004 0.15349887133182843 0.1203125
