6 0.88984375 0.18930957683741648 0.1546875 0.22271714922048996
6 0.703125 0.45434298440979953 0.08750000000000001 0.13363028953229397
6 0.8828125 0.6792873051224944 0.09062500000000001 0.12472160356347438
6 0.76484375 0.19376391982182628 0.0859375 0.12472160356347438
6 0.5984375000000001 0.7672605790645879 0.109375 0.18485523385300667
6 0.734375 0.6158129175946547 0.10312500000000001 0.18930957683741648
6 0.8015625000000001 0.5734966592427617 0.1625 0.23385300668151446
6 0.6531250000000001 0.22828507795100222 0.09062500000000001 0.14476614699331847
6 0.43984375000000003 0.42538975501113585 0.1203125 0.17371937639198218
6 0.675 0.8129175946547884 0.153125 0.24498886414253895
6 0.15234375 0.08351893095768374 0.0671875 0.10467706013363029
