6 0.578125 0.8781249999999999 0.1125 0.11875
6 0.37890625 0.30625 0.1609375 0.20416666666666666
6 0.7757812500000001 0.79375 0.1203125 0.15416666666666667
6 0.7468750000000001 0.15208333333333332 0.12187500000000001 0.175
6 0.8523437500000001 0.22916666666666666 0.1265625 0.175
6 0.5593750000000001 0.7708333333333334 0.15625 0.20416666666666666
6 0.4234375 0.05625 0.07187500000000001 0.10416666666666667
6 0.240625 0.12604166666666666 0.16875 0.21458333333333332
6 0.55859375 0.646875 0.0765625 0.11458333333333333
6 0.7562500000000001 0.8468749999999999 0.1 0.13541666666666666
6 0.046875 0.5979166666666667 0.09062500000000001 0.125
6 0.5796875 0.12916666666666665 0.1 0.14583333333333334
