6 0.4090909090909091 0.7109375 0.1352549889135255 0.08125
6 0.6707317073170732 0.9281250000000001 0.06430155210643015 0.096875
6 0.2982261640798226 0.6039062500000001 0.18403547671840353 0.0765625
6 0.3713968957871397 0.27109375 0.10421286031042129 0.0703125
6 0.7416851441241685 0.9539062500000001 0.1352549889135255 0.08281250000000001
6 0.7594235033259423 0.90625 0.1352549889135255 0.09062500000000001
6 0.7361419068736141 0.43203125000000003 0.15521064301552107 0.0921875
6 0.8337028824833703 0.5554687500000001 0.1951219512195122 0.1171875
6 0.5399113082039911 0.37343750000000003 0.14412416851441243 0.096875
6 0.30155210643015523 0.53046875 0.2039911308203991 0.1484375
6 0.5055432372505543 0.33125000000000004 0.15521064301552107 0.1125
6 0.6840354767184036 0.7453125 0.18403547671840353 0.13125
