6 0.7306079664570231 0.50234375 0.14465408805031446 0.1015625
6 0.7253668763102725 0.70078125 0.2138364779874214 0.0921875
6 0.7568134171907758 0.7742187500000001 0.18448637316561844 0.1296875
6 0.2756813417190776 0.7445312500000001 0.17819706498951782 0.1703125
6 0.6016771488469602 0.9164062500000001 0.12578616352201258 0.07968750000000001
6 0.42138364779874216 0.18984375 0.18448637316561844 0.1421875
6 0.18343815513626835 0.74140625 0.1740041928721174 0.1390625
6 0.6226415094339623 0.8171875000000001 0.18448637316561844 0.146875
6 0.16142557651991615 0.63671875 0.18448637316561844 0.1296875
6 0.8962264150943396 0.8640625000000001 0.16561844863731656 0.115625
6 0.37945492662473795 0.4265625 0.10482180293501049 0.08125
