6 0.8890625000000001 0.16551724137931034 0.12812500000000002 0.17471264367816092
6 0.42421875000000003 0.40804597701149425 0.1609375 0.1954022988505747
6 0.15078125 0.6057471264367816 0.060937500000000006 0.09425287356321839
6 0.6882812500000001 0.29195402298850576 0.0859375 0.12413793103448276
6 0.46484375 0.13448275862068965 0.15781250000000002 0.21379310344827585
6 0.5859375 0.8298850574712644 0.203125 0.22528735632183908
6 0.53671875 0.4011494252873563 0.1015625 0.15402298850574714
6 0.27109375 0.16781609195402297 0.1546875 0.23448275862068965
6 0.7781250000000001 0.40344827586206894 0.19375 0.21379310344827585
6 0.2484375 0.8988505747126436 0.084375 0.11494252873563218
