6 0.28828125 0.15520134228187918 0.2171875 0.23657718120805368
6 0.56796875 0.8330536912751678 0.0890625 0.06208053691275168
6 0.5593750000000001 0.7072147651006712 0.18125000000000002 0.21644295302013422
6 0.15703125 0.31543624161073824 0.15156250000000002 0.15100671140939598
6 0.2546875 0.7575503355704698 0.14375000000000002 0.16610738255033558
6 0.29140625000000003 0.5595637583892618 0.1765625 0.1929530201342282
6 0.7828125 0.5545302013422818 0.203125 0.23657718120805368
6 0.11171875 0.6468120805369127 0.1609375 0.16610738255033558
6 0.20859375000000002 0.4337248322147651 0.19843750000000002 0.21644295302013422
6 0.62421875 0.27432885906040266 0.2078125 0.22651006711409397
6 0.6648437500000001 0.7575503355704698 0.1953125 0.23657718120805368
6 0.15937500000000002 0.8196308724832214 0.13125 0.1459731543624161
