6 0.70625 0.32 0.12187500000000001 0.15578947368421053
6 0.1234375 0.6905263157894737 0.12812500000000002 0.18526315789473685
6 0.8226562500000001 0.1368421052631579 0.1328125 0.18526315789473685
6 0.8601562500000001 0.3431578947368421 0.1453125 0.18526315789473685
6 0.80234375 0.47368421052631576 0.1640625 0.23578947368421052
6 0.72578125 0.6810526315789474 0.08281250000000001 0.11578947368421053
6 0.5015625 0.10210526315789474 0.06875 0.09473684210526316
6 0.88046875 0.7368421052631579 0.1765625 0.24421052631578946
6 0.35000000000000003 0.8736842105263157 0.11875000000000001 0.16421052631578947
6 0.1015625 0.8873684210526316 0.146875 0.20421052631578948
