6 0.584375 0.37666666666666665 0.12812500000000002 0.11777777777777777
6 0.6046875 0.55 0.1625 0.22444444444444445
6 0.5945312500000001 0.27666666666666667 0.0921875 0.14444444444444443
6 0.6671875 0.7055555555555556 0.06875 0.10444444444444445
6 0.2859375 0.5077777777777778 0.1375 0.18444444444444444
6 0.340625 0.2611111111111111 0.0625 0.09555555555555556
6 0.77265625 0.5066666666666667 0.1078125 0.16444444444444445
6 0.5710937500000001 0.7811111111111111 0.0703125 0.10444444444444445
6 0.6875 0.27111111111111114 0.12187500000000001 0.16444444444444445
6 0.8695312500000001 0.3411111111111111 0.09531250000000001 0.14444444444444443
6 0.49062500000000003 0.4955555555555556 0.15937500000000002 0.23555555555555555
6 0.721875 0.7344444444444445 0.06875 0.10444444444444445
