6 0.16266375545851527 0.109375 0.15502183406113537 0.125
6 0.24890829694323144 0.21875 0.21397379912663755 0.153125
6 0.26965065502183405 0.42265625 0.19432314410480347 0.1390625
6 0.3318777292576419 0.6062500000000001 0.21397379912663755 0.153125
6 0.38973799126637554 0.07187500000000001 0.12445414847161572 0.09062500000000001
6 0.14737991266375544 0.80234375 0.16375545851528384 0.1265625
6 0.6288209606986899 0.53515625 0.17467248908296942 0.1265625
6 0.6255458515283843 0.21875 0.22489082969432314 0.1625
6 0.09716157205240174 0.91953125 0.15502183406113537 0.11406250000000001
6 0.2794759825327511 0.36328125 0.11353711790393012 0.0921875
