6 0.30859375 0.37470997679814383 0.1421875 0.17865429234338748
6 0.7039062500000001 0.5638051044083526 0.1453125 0.20417633410672853
6 0.22109375 0.5730858468677494 0.15156250000000002 0.21345707656612528
6 0.925 0.7146171693735499 0.08125 0.12529002320185614
6 0.09531250000000001 0.19373549883990718 0.065625 0.10440835266821345
6 0.8859375 0.46867749419953597 0.08750000000000001 0.1345707656612529
6 0.33359375 0.5139211136890951 0.1171875 0.16473317865429232
6 0.08125 0.3619489559164733 0.078125 0.12529002320185614
6 0.21406250000000002 0.3213457076566125 0.109375 0.17401392111368907
6 0.8046875 0.5939675174013921 0.078125 0.12529002320185614
6 0.6492187500000001 0.2981438515081206 0.11406250000000001 0.17401392111368907
