6 0.1533477321814255 0.0578125 0.10367170626349892 0.08125
6 0.6090712742980562 0.1328125 0.10367170626349892 0.078125
6 0.29481641468682507 0.74609375 0.17062634989200864 0.1015625
6 0.8045356371490281 0.55234375 0.20518358531317496 0.1390625
6 0.14146868250539957 0.3046875 0.20518358531317496 0.153125
6 0.7667386609071275 0.23515625 0.224622030237581 0.16718750000000002
6 0.5993520518358532 0.50625 0.17494600431965443 0.11875000000000001
6 0.45464362850971923 0.7468750000000001 0.17494600431965443 0.134375
6 0.34233261339092874 0.6351562500000001 0.20518358531317496 0.15781250000000002
6 0.6738660907127431 0.7453125 0.10367170626349892 0.07187500000000001
6 0.31317494600431967 0.85078125 0.224622030237581 0.16718750000000002
