6 0.51328125 0.4357798165137615 0.08281250000000001 0.11467889908256881
6 0.80078125 0.838302752293578 0.09531250000000001 0.14449541284403672
6 0.39296875000000003 0.49426605504587157 0.08281250000000001 0.08944954128440367
6 0.13671875 0.20986238532110094 0.0890625 0.13532110091743121
6 0.8734375000000001 0.5126146788990826 0.125 0.20412844036697247
6 0.6015625 0.6479357798165138 0.140625 0.19495412844036697
6 0.40390625 0.4208715596330275 0.1046875 0.14449541284403672
6 0.1453125 0.4793577981651376 0.08125 0.12385321100917432
6 0.4109375 0.15825688073394495 0.15000000000000002 0.23394495412844038
6 0.6414062500000001 0.3841743119266055 0.1546875 0.21330275229357798
6 0.22890625 0.17087155963302753 0.0921875 0.14449541284403672
6 0.81953125 0.48967889908256884 0.1015625 0.15366972477064222
