6 0.42127659574468085 0.31093750000000003 0.225531914893617 0.15625
6 0.44893617021276594 0.178125 0.2042553191489362 0.15937500000000002
6 0.46063829787234045 0.8765625 0.1595744680851064 0.046875
6 0.4063829787234043 0.71640625 0.23404255319148937 0.1796875
6 0.06382978723404255 0.72421875 0.1148936170212766 0.07968750000000001
6 0.8212765957446808 0.096875 0.225531914893617 0.15625
6 0.46382978723404256 0.8070312500000001 0.2042553191489362 0.1546875
6 0.4351063829787234 0.32109375 0.12553191489361704 0.09531250000000001
6 0.7914893617021277 0.3453125 0.225531914893617 0.17500000000000002
6 0.37553191489361704 0.5554687500000001 0.24468085106382978 0.1859375
6 0.09680851063829787 0.25625000000000003 0.10425531914893617 0.07187500000000001
