6 0.1171875 0.36857142857142855 0.15000000000000002 0.18476190476190477
6 0.7859375000000001 0.43047619047619046 0.115625 0.14476190476190476
6 0.2625 0.7590476190476191 0.09062500000000001 0.10476190476190476
6 0.64765625 0.8895238095238095 0.1234375 0.15619047619047619
6 0.2515625 0.4828571428571429 0.14375000000000002 0.1657142857142857
6 0.54609375 0.27714285714285714 0.1421875 0.18476190476190477
6 0.31015625 0.06761904761904762 0.0890625 0.11619047619047619
6 0.11406250000000001 0.520952380952381 0.1 0.11619047619047619
6 0.42578125 0.7666666666666667 0.1171875 0.13523809523809524
6 0.55 0.11523809523809524 0.15000000000000002 0.1961904761904762
