6 0.34453125 0.8296213808463251 0.060937500000000006 0.10467706013363029
6 0.4234375 0.8752783964365256 0.15625 0.21380846325167036
6 0.62890625 0.5144766146993318 0.1328125 0.20489977728285078
6 0.059375000000000004 0.30512249443207123 0.11875000000000001 0.17371937639198218
6 0.6218750000000001 0.3596881959910913 0.16875 0.22048997772828507
6 0.3953125 0.6458797327394209 0.15000000000000002 0.20489977728285078
6 0.26640625 0.24498886414253895 0.09843750000000001 0.13363028953229397
6 0.9328125 0.10356347438752783 0.065625 0.10467706013363029
6 0.6101562500000001 0.22717149220489977 0.1203125 0.17371937639198218
6 0.22031250000000002 0.3708240534521158 0.1 0.14476614699331847
6 0.6039062500000001 0.765033407572383 0.1203125 0.18485523385300667
6 0.115625 0.6848552338530066 0.146875 0.23385300668151446
