6 0.6395604395604395 0.6203125 0.2153846153846154 0.14375000000000002
6 0.7593406593406593 0.23750000000000002 0.2043956043956044 0.15000000000000002
6 0.321978021978022 0.88671875 0.11208791208791209 0.0859375
6 0.7901098901098901 0.9164062500000001 0.13406593406593406 0.09843750000000001
6 0.13626373626373625 0.41328125000000004 0.18461538461538463 0.13593750000000002
6 0.5241758241758242 0.115625 0.12527472527472527 0.09062500000000001
6 0.35604395604395606 0.7757812500000001 0.1054945054945055 0.0703125
6 0.42527472527472526 0.84921875 0.16483516483516483 0.11093750000000001
6 0.4054945054945055 0.45156250000000003 0.2043956043956044 0.1375
6 0.6076923076923076 0.7468750000000001 0.0945054945054945 0.06875
6 0.20549450549450549 0.1453125 0.12527472527472527 0.09375
