6 0.8430493273542601 0.5140625 0.17488789237668162 0.13125
6 0.9260089686098655 0.7835937500000001 0.09417040358744394 0.0671875
6 0.17600896860986548 0.8234375 0.2443946188340807 0.1625
6 0.7040358744394619 0.35234375 0.09417040358744394 0.0671875
6 0.7073991031390134 0.17578125 0.2219730941704036 0.1921875
6 0.5717488789237668 0.1421875 0.2242152466367713 0.15000000000000002
6 0.28139013452914796 0.5390625 0.16367713004484305 0.115625
6 0.8430493273542601 0.09296875 0.18385650224215247 0.1296875
6 0.8082959641255605 0.875 0.23542600896860985 0.15625
6 0.43609865470852016 0.3765625 0.10538116591928251 0.07500000000000001
6 0.5762331838565022 0.55390625 0.14349775784753363 0.1015625
