6 0.19453125000000002 0.7658898305084746 0.0734375 0.1038135593220339
6 0.6687500000000001 0.4141949152542373 0.115625 0.15466101694915255
6 0.29296875 0.3442796610169492 0.15156250000000002 0.15466101694915255
6 0.31093750000000003 0.8040254237288136 0.16562500000000002 0.23516949152542374
6 0.8382812500000001 0.75 0.16718750000000002 0.2245762711864407
6 0.37421875000000004 0.1864406779661017 0.09531250000000001 0.13559322033898305
6 0.6625000000000001 0.6567796610169492 0.240625 0.2457627118644068
6 0.51875 0.5995762711864406 0.146875 0.19491525423728814
6 0.09609375 0.7733050847457628 0.09531250000000001 0.13559322033898305
6 0.8296875 0.15783898305084745 0.09375 0.125
