7 0.46718750000000003 0.5705741626794258 0.0125 0.17464114832535885
7 0.890625 0.053827751196172245 0.0125 0.09330143540669857
7 0.48515625 0.21052631578947367 0.0171875 0.2248803827751196
7 0.9031250000000001 0.3289473684210526 0.028125 0.17464114832535885
7 0.8984375 0.4593301435406698 0.037500000000000006 0.2248803827751196
7 0.44296875 0.4916267942583732 0.0140625 0.2033492822966507
7 0.21953125 0.2607655502392344 0.1265625 0.11961722488038277
7 0.8671875 0.5 0.10625000000000001 0.10047846889952153
7 0.1046875 0.507177033492823 0.20625000000000002 0.19617224880382775
7 0.815625 0.8181818181818181 0.009375000000000001 0.14354066985645933
7 0.0703125 0.14593301435406697 0.00625 0.11483253588516745
7 0.30078125 0.2583732057416268 0.13593750000000002 0.1291866028708134
