7 0.49567099567099565 0.553125 0.06493506493506493 0.215625
7 0.4036796536796537 0.7078125000000001 0.0367965367965368 0.115625
7 0.3658008658008658 0.17890625000000002 0.13852813852813853 0.23593750000000002
7 0.5876623376623377 0.4453125 0.16666666666666666 0.19687500000000002
7 0.19913419913419914 0.853125 0.17316017316017315 0.215625
7 0.5974025974025974 0.34218750000000003 0.09090909090909091 0.15625
7 0.7023809523809523 0.12578125 0.06277056277056277 0.1859375
7 0.16883116883116883 0.81796875 0.10822510822510822 0.13593750000000002
7 0.10606060606060606 0.23593750000000002 0.030303030303030304 0.096875
7 0.908008658008658 0.10390625 0.14502164502164502 0.045312500000000006
