7 0.7117187500000001 0.28688524590163933 0.0328125 0.12412177985948478
7 0.2828125 0.2505854800936768 0.115625 0.07494145199063232
7 0.7601562500000001 0.6850117096018735 0.0328125 0.20374707259953162
7 0.48281250000000003 0.21194379391100704 0.146875 0.09601873536299765
7 0.30781250000000004 0.6381733021077284 0.10625000000000001 0.06791569086651054
7 0.06406250000000001 0.2423887587822014 0.053125000000000006 0.19437939110070257
7 0.14453125 0.2903981264637002 0.0546875 0.1451990632318501
7 0.9625 0.6229508196721312 0.021875000000000002 0.1451990632318501
7 0.60078125 0.4098360655737705 0.0421875 0.15456674473067916
7 0.1421875 0.7950819672131147 0.03125 0.11475409836065574
7 0.6359375 0.3091334894613583 0.015625 0.10304449648711944
7 0.9164062500000001 0.5772833723653396 0.045312500000000006 0.11475409836065574
