7 0.15483870967741936 0.4625 0.08172043010752689 0.19687500000000002
7 0.46021505376344085 0.51171875 0.14623655913978495 0.2265625
7 0.5397849462365591 0.325 0.043010752688172046 0.10625000000000001
7 0.9333333333333333 0.42812500000000003 0.08172043010752689 0.20625000000000002
7 0.535483870967742 0.6765625000000001 0.13333333333333333 0.246875
7 0.9204301075268817 0.08750000000000001 0.034408602150537634 0.115625
7 0.07526881720430108 0.25703125 0.07311827956989247 0.1859375
7 0.6516129032258065 0.759375 0.08172043010752689 0.20625000000000002
7 0.4064516129032258 0.690625 0.12473118279569892 0.146875
7 0.7333333333333333 0.36562500000000003 0.034408602150537634 0.115625
