7 0.53125 0.5953389830508474 0.018750000000000003 0.1228813559322034
7 0.8421875000000001 0.6038135593220338 0.215625 0.18220338983050846
7 0.6570312500000001 0.2277542372881356 0.1859375 0.15466101694915255
7 0.3171875 0.1843220338983051 0.009375000000000001 0.13559322033898305
7 0.4609375 0.5921610169491526 0.18125000000000002 0.15466101694915255
7 0.8601562500000001 0.663135593220339 0.1765625 0.1483050847457627
7 0.6203125 0.2775423728813559 0.16562500000000002 0.13983050847457626
7 0.66796875 0.4025423728813559 0.029687500000000002 0.1652542372881356
7 0.35468750000000004 0.4925847457627119 0.034375 0.1843220338983051
7 0.045312500000000006 0.4449152542372881 0.0125 0.1652542372881356
