7 0.5109375 0.08146639511201628 0.16562500000000002 0.15071283095723012
7 0.7265625 0.2515274949083503 0.1 0.16496945010183298
7 0.203125 0.10488798370672096 0.10625000000000001 0.09572301425661914
7 0.434375 0.9205702647657841 0.16562500000000002 0.15071283095723012
7 0.1078125 0.0835030549898167 0.08125 0.13441955193482688
7 0.584375 0.5875763747454175 0.07500000000000001 0.12423625254582484
7 0.47500000000000003 0.34826883910386963 0.08125 0.13441955193482688
7 0.6898437500000001 0.7973523421588594 0.13593750000000002 0.12423625254582484
7 0.7609375 0.23319755600814662 0.096875 0.0875763747454175
7 0.2109375 0.390020366598778 0.215625 0.19755600814663948
7 0.22890625 0.5610997963340122 0.1765625 0.16089613034623215
7 0.821875 0.08961303462321792 0.19687500000000002 0.17922606924643583
