7 0.3640625 0.3132854578096948 0.215625 0.17414721723518853
7 0.5953125 0.05116696588868941 0.096875 0.07719928186714542
7 0.2390625 0.45601436265709155 0.140625 0.20466786355475763
7 0.60546875 0.19838420107719928 0.13593750000000002 0.1095152603231598
7 0.625 0.68491921005386 0.134375 0.19569120287253142
7 0.34921875 0.37971274685816875 0.13593750000000002 0.1095152603231598
7 0.84375 0.2764811490125673 0.246875 0.19748653500897667
7 0.25078125 0.29443447037701975 0.11406250000000001 0.1651705565529623
7 0.553125 0.39946140035906647 0.065625 0.09515260323159785
7 0.28515625 0.2989228007181329 0.1765625 0.14183123877917414
7 0.7976562500000001 0.08258527827648116 0.0859375 0.12567324955116696
7 0.23984375000000002 0.388689407540395 0.1765625 0.14183123877917414
