7 0.81796875 0.19525959367945822 0.0390625 0.22347629796839727
7 0.8500000000000001 0.8442437923250563 0.15625 0.1399548532731377
7 0.6507812500000001 0.13882618510158012 0.1859375 0.16478555304740405
7 0.9109375000000001 0.7020316027088036 0.03125 0.18510158013544017
7 0.5734375 0.6309255079006771 0.015625 0.20541760722347627
7 0.0328125 0.3476297968397291 0.034375 0.19413092550790065
7 0.5796875 0.7313769751693001 0.146875 0.1309255079006772
7 0.7921875 0.5158013544018059 0.115625 0.10158013544018057
7 0.7140625 0.8668171557562077 0.03125 0.18510158013544017
7 0.041406250000000006 0.24492099322799096 0.0390625 0.22347629796839727
7 0.73359375 0.5677200902934537 0.0390625 0.22347629796839727
7 0.309375 0.2076749435665914 0.15625 0.1399548532731377
