7 0.4967391304347826 0.21171875 0.08478260869565217 0.1703125
7 0.41847826086956524 0.16562500000000002 0.08043478260869566 0.215625
7 0.5293478260869565 0.12421875 0.041304347826086954 0.23593750000000002
7 0.9054347826086957 0.1296875 0.03260869565217391 0.19687500000000002
7 0.7695652173913043 0.8070312500000001 0.20434782608695654 0.0921875
7 0.7293478260869566 0.19296875000000002 0.0891304347826087 0.23593750000000002
7 0.10543478260869565 0.62265625 0.12391304347826088 0.0546875
7 0.20543478260869566 0.05625 0.11521739130434783 0.05
7 0.8630434782608696 0.1390625 0.10434782608695653 0.046875
7 0.7130434782608696 0.36640625000000004 0.06521739130434782 0.1765625
7 0.03695652173913044 0.915625 0.034782608695652174 0.10625000000000001
