7 0.6875 0.21428571428571427 0.025 0.24571428571428572
7 0.12890625 0.6914285714285714 0.2265625 0.17142857142857143
7 0.22578125000000002 0.8114285714285714 0.2265625 0.17142857142857143
7 0.13515625 0.6123809523809524 0.0234375 0.2342857142857143
7 0.67109375 0.11142857142857143 0.0171875 0.18476190476190477
7 0.1375 0.39714285714285713 0.046875 0.21523809523809523
7 0.7992187500000001 0.8876190476190476 0.035937500000000004 0.17523809523809525
7 0.503125 0.6419047619047619 0.215625 0.16380952380952382
7 0.19296875000000002 0.700952380952381 0.13593750000000002 0.10285714285714286
7 0.115625 0.539047619047619 0.20625000000000002 0.15619047619047619
7 0.42500000000000004 0.3171428571428571 0.015625 0.1657142857142857
