7 0.7709302325581395 0.3609375 0.1558139534883721 0.16562500000000002
7 0.6802325581395349 0.16562500000000002 0.10465116279069767 0.215625
7 0.386046511627907 0.9187500000000001 0.03255813953488372 0.146875
7 0.6709302325581395 0.11953125 0.07209302325581396 0.1265625
7 0.5174418604651163 0.1234375 0.18372093023255814 0.19687500000000002
7 0.6069767441860465 0.61640625 0.07441860465116279 0.1765625
7 0.09186046511627907 0.15781250000000002 0.1744186046511628 0.246875
7 0.4 0.22578125000000002 0.07906976744186046 0.1765625
7 0.8151162790697675 0.5085937500000001 0.05813953488372093 0.13593750000000002
7 0.02441860465116279 0.859375 0.044186046511627906 0.10625000000000001
7 0.3709302325581395 0.09531250000000001 0.02558139534883721 0.115625
7 0.5441860465116279 0.6859375000000001 0.07441860465116279 0.16562500000000002
