7 0.39765625000000004 0.7161214953271028 0.1765625 0.18457943925233644
7 0.10546875 0.1425233644859813 0.0484375 0.09345794392523364
7 0.11171875 0.46728971962616817 0.1234375 0.23364485981308408
7 0.23203125000000002 0.7978971962616822 0.1953125 0.20327102803738317
7 0.42031250000000003 0.9123831775700934 0.065625 0.12383177570093457
7 0.6687500000000001 0.3259345794392523 0.096875 0.18457943925233644
7 0.81640625 0.4357476635514018 0.1078125 0.20327102803738317
7 0.43984375000000003 0.6600467289719626 0.1078125 0.20327102803738317
7 0.8132812500000001 0.7079439252336448 0.15781250000000002 0.16355140186915887
7 0.3984375 0.1985981308411215 0.08125 0.1542056074766355
7 0.9015625 0.8119158878504672 0.12812500000000002 0.13317757009345793
