7 0.21875 0.40625 0.15625 0.14583333333333334
7 0.18125000000000002 0.3145833333333333 0.09062500000000001 0.15416666666666667
7 0.7640625000000001 0.603125 0.109375 0.18541666666666667
7 0.3203125 0.5885416666666666 0.146875 0.13541666666666666
7 0.87109375 0.484375 0.1265625 0.21458333333333332
7 0.2609375 0.225 0.16562500000000002 0.15416666666666667
7 0.83984375 0.14895833333333333 0.1859375 0.17291666666666666
7 0.12890625 0.7770833333333333 0.1203125 0.20416666666666666
7 0.0765625 0.6166666666666667 0.10312500000000001 0.175
7 0.5164062500000001 0.8302083333333333 0.0671875 0.11458333333333333
