7 0.49062500000000003 0.8922222222222222 0.021875000000000002 0.14444444444444443
7 0.22734375 0.8944444444444445 0.0140625 0.13555555555555557
7 0.45546875000000003 0.6222222222222222 0.060937500000000006 0.2
7 0.7546875000000001 0.7777777777777778 0.053125000000000006 0.19555555555555557
7 0.7578125 0.6011111111111112 0.037500000000000006 0.14444444444444443
7 0.50703125 0.21444444444444444 0.0421875 0.14444444444444443
7 0.55859375 0.12111111111111111 0.0578125 0.13555555555555557
7 0.7289062500000001 0.41 0.035937500000000004 0.18444444444444444
7 0.42578125 0.6622222222222223 0.0421875 0.19555555555555557
7 0.40078125000000003 0.6288888888888889 0.0328125 0.12444444444444444
7 0.29531250000000003 0.9011111111111111 0.028125 0.14444444444444443
7 0.14140625 0.4777777777777778 0.0234375 0.15555555555555556
