7 0.16442953020134227 0.08046875 0.2348993288590604 0.11406250000000001
7 0.6577181208053691 0.80859375 0.174496644295302 0.08281250000000001
7 0.5883668903803132 0.76171875 0.22371364653243847 0.19843750000000002
7 0.6174496644295302 0.878125 0.1342281879194631 0.065625
7 0.7997762863534675 0.0890625 0.10514541387024608 0.05
7 0.22706935123042504 0.15625 0.15436241610738255 0.1375
7 0.714765100671141 0.38984375000000004 0.16331096196868009 0.07968750000000001
7 0.1297539149888143 0.353125 0.18344519015659955 0.1625
7 0.6599552572706935 0.06953125 0.18344519015659955 0.0890625
7 0.6375838926174496 0.14765625000000002 0.174496644295302 0.1546875
7 0.5637583892617449 0.12890625 0.22371364653243847 0.19843750000000002
