7 0.125 0.826530612244898 0.18125000000000002 0.1836734693877551
7 0.3984375 0.29931972789115646 0.1125 0.11337868480725624
7 0.88828125 0.14285714285714285 0.0671875 0.12244897959183673
7 0.25625000000000003 0.7981859410430839 0.10625000000000001 0.19501133786848074
7 0.125 0.20634920634920637 0.10312500000000001 0.10430839002267574
7 0.22109375 0.46712018140589573 0.2015625 0.20408163265306123
7 0.36328125 0.2800453514739229 0.1234375 0.12471655328798187
7 0.1046875 0.8752834467120182 0.05625 0.10430839002267574
7 0.553125 0.7562358276643991 0.12187500000000001 0.22448979591836735
7 0.9343750000000001 0.1904761904761905 0.10625000000000001 0.19501133786848074
7 0.17109375000000002 0.08276643990929705 0.1328125 0.13378684807256236
7 0.3203125 0.326530612244898 0.19062500000000002 0.19501133786848074
