7 0.17109375000000002 0.22668112798264642 0.0703125 0.12364425162689806
7 0.353125 0.2874186550976139 0.08750000000000001 0.1540130151843818
7 0.35468750000000004 0.08134490238611713 0.08125 0.14533622559652928
7 0.17734375000000002 0.7874186550976139 0.11093750000000001 0.19522776572668113
7 0.23750000000000002 0.10954446854663774 0.12187500000000001 0.21475054229934926
7 0.28046875 0.5813449023861171 0.1328125 0.23427331887201736
7 0.6000000000000001 0.19197396963123645 0.08750000000000001 0.1540130151843818
7 0.5328125 0.09761388286334056 0.09375 0.1648590021691974
7 0.49140625000000004 0.56941431670282 0.13593750000000002 0.13232104121475055
7 0.640625 0.3926247288503254 0.09375 0.1648590021691974
7 0.5109375 0.13882863340563992 0.115625 0.11279826464208244
