7 0.45 0.12035010940919037 0.15625 0.09628008752735229
7 0.21953125 0.5043763676148796 0.035937500000000004 0.12472647702407001
7 0.6375000000000001 0.4048140043763676 0.03125 0.1838074398249453
7 0.5789062500000001 0.5984682713347921 0.0578125 0.19474835886214442
7 0.2734375 0.8019693654266958 0.10625000000000001 0.06345733041575492
7 0.8539062500000001 0.2286652078774617 0.045312500000000006 0.15536105032822756
7 0.69921875 0.862144420131291 0.0484375 0.1137855579868709
7 0.73828125 0.6466083150984683 0.0578125 0.19474835886214442
7 0.7125 0.5 0.096875 0.23413566739606126
7 0.31953125000000004 0.34463894967177244 0.0671875 0.16411378555798686
7 0.09765625 0.13457330415754923 0.0390625 0.1334792122538293
