7 0.6066098081023454 0.40468750000000003 0.08315565031982942 0.146875
7 0.6940298507462687 0.8984375 0.13859275053304904 0.16562500000000002
7 0.44136460554371 0.8695312500000001 0.10660980810234541 0.1859375
7 0.15671641791044777 0.26171875 0.1300639658848614 0.2265625
7 0.12260127931769722 0.25703125 0.1300639658848614 0.2265625
7 0.34968017057569295 0.12421875 0.10660980810234541 0.1859375
7 0.5895522388059702 0.340625 0.19402985074626866 0.0625
7 0.2281449893390192 0.59296875 0.10660980810234541 0.1859375
7 0.38699360341151384 0.87265625 0.14712153518123666 0.1859375
7 0.12686567164179105 0.6171875 0.12153518123667377 0.146875
7 0.12260127931769722 0.18906250000000002 0.13859275053304904 0.16562500000000002
