7 0.4321266968325792 0.571875 0.19457013574660637 0.059375000000000004
7 0.7680995475113123 0.9609375 0.23303167420814483 0.07187500000000001
7 0.6447963800904978 0.246875 0.24434389140271495 0.07500000000000001
7 0.5871040723981901 0.48281250000000003 0.13800904977375567 0.15625
7 0.23076923076923078 0.6296875000000001 0.0995475113122172 0.16562500000000002
7 0.3065610859728507 0.4765625 0.08823529411764706 0.246875
7 0.7477375565610861 0.4890625 0.13800904977375567 0.15625
7 0.5248868778280543 0.21875 0.14479638009049775 0.043750000000000004
7 0.3472850678733032 0.096875 0.14705882352941177 0.16562500000000002
7 0.4796380090497738 0.39687500000000003 0.1809954751131222 0.20625000000000002
7 0.7794117647058825 0.52578125 0.165158371040724 0.1859375
7 0.6346153846153847 0.8968750000000001 0.13800904977375567 0.15625
