7 0.35234375 0.4125 0.026562500000000003 0.14583333333333334
7 0.40937500000000004 0.71875 0.225 0.1875
7 0.56640625 0.2635416666666667 0.0203125 0.11458333333333333
7 0.5164062500000001 0.5052083333333334 0.1859375 0.15208333333333332
7 0.290625 0.7135416666666666 0.018750000000000003 0.21458333333333332
7 0.53359375 0.309375 0.029687500000000002 0.16458333333333333
7 0.3171875 0.4947916666666667 0.034375 0.18541666666666667
7 0.5437500000000001 0.7291666666666666 0.215625 0.17916666666666667
7 0.28046875 0.20833333333333334 0.0140625 0.175
7 0.53515625 0.5583333333333333 0.0390625 0.20416666666666666
7 0.7796875000000001 0.6666666666666666 0.19687500000000002 0.1625
7 0.40937500000000004 0.44375 0.021875000000000002 0.24583333333333332
