7 0.7740899357601714 0.7515625 0.13490364025695933 0.125
7 0.8950749464668095 0.5476562500000001 0.17558886509635976 0.0890625
7 0.45610278372591007 0.6828125 0.1841541755888651 0.09375
7 0.42933618843683086 0.56484375 0.18629550321199145 0.1796875
7 0.5813704496788009 0.84296875 0.1948608137044968 0.1796875
7 0.6852248394004283 0.51015625 0.20556745182012848 0.18906250000000002
7 0.7280513918629551 0.33046875000000003 0.20556745182012848 0.18906250000000002
7 0.08137044967880086 0.25 0.15417558886509636 0.14375000000000002
7 0.1563169164882227 0.7734375 0.11563169164882228 0.0625
7 0.2944325481798715 0.85703125 0.16488222698072805 0.15156250000000002
7 0.5599571734475375 0.6468750000000001 0.10492505353319058 0.096875
7 0.7580299785867238 0.32421875 0.23554603854389722 0.2171875
