7 0.4 0.7647058823529412 0.215625 0.19457013574660637
7 0.15234375 0.3416289592760181 0.21406250000000002 0.19457013574660637
7 0.2703125 0.8665158371040724 0.146875 0.13122171945701358
7 0.41796875 0.6776018099547512 0.0078125 0.11538461538461539
7 0.037500000000000006 0.1979638009049774 0.0125 0.1742081447963801
7 0.9398437500000001 0.7635746606334842 0.0078125 0.12443438914027151
7 0.31875000000000003 0.7296380090497738 0.028125 0.165158371040724
7 0.45234375000000004 0.7024886877828055 0.0078125 0.11538461538461539
7 0.77734375 0.3959276018099548 0.0421875 0.23529411764705885
7 0.06640625 0.23755656108597287 0.0421875 0.23529411764705885
7 0.171875 0.14027149321266968 0.16562500000000002 0.14932126696832582
