7 0.690625 0.6084070796460177 0.146875 0.12831858407079647
7 0.97578125 0.4303097345132743 0.0328125 0.1836283185840708
7 0.8093750000000001 0.8207964601769911 0.20625000000000002 0.18141592920353983
7 0.0703125 0.29867256637168144 0.034375 0.19469026548672566
7 0.78515625 0.8019911504424778 0.0140625 0.1836283185840708
7 0.0671875 0.23672566371681417 0.10625000000000001 0.09292035398230089
7 0.64609375 0.8207964601769911 0.0171875 0.20353982300884954
7 0.3125 0.6792035398230089 0.015625 0.19469026548672566
7 0.5421875 0.14712389380530974 0.037500000000000006 0.21460176991150443
7 0.94296875 0.7267699115044247 0.045312500000000006 0.24557522123893805
7 0.6101562500000001 0.7997787610619469 0.0140625 0.1747787610619469
