7 0.24364406779661016 0.45234375000000004 0.0211864406779661 0.11093750000000001
7 0.7235169491525424 0.178125 0.014830508474576272 0.10625000000000001
7 0.20233050847457626 0.6140625000000001 0.03177966101694915 0.096875
7 0.260593220338983 0.8695312500000001 0.038135593220338986 0.2265625
7 0.8813559322033898 0.43984375000000003 0.0423728813559322 0.1265625
7 0.850635593220339 0.51171875 0.019067796610169493 0.1265625
7 0.8983050847457628 0.86328125 0.17372881355932204 0.07968750000000001
7 0.1641949152542373 0.22265625 0.21398305084745764 0.09843750000000001
7 0.19809322033898305 0.44843750000000004 0.09110169491525423 0.246875
7 0.24046610169491525 0.80078125 0.08686440677966102 0.23593750000000002
7 0.4533898305084746 0.6570312500000001 0.19491525423728814 0.0890625
