7 0.18359375 0.6281512605042017 0.0734375 0.1638655462184874
7 0.022656250000000003 0.2584033613445378 0.0234375 0.13445378151260504
7 0.30234375 0.5262605042016807 0.0421875 0.09453781512605042
7 0.9617187500000001 0.2699579831932773 0.0203125 0.12394957983193276
7 0.06953125 0.10819327731092436 0.060937500000000006 0.1449579831932773
7 0.39453125 0.5346638655462185 0.0484375 0.11554621848739495
7 0.40234375 0.15756302521008403 0.060937500000000006 0.13445378151260504
7 0.1046875 0.421218487394958 0.043750000000000004 0.1449579831932773
7 0.23984375000000002 0.569327731092437 0.0703125 0.1638655462184874
7 0.9070312500000001 0.5840336134453781 0.1765625 0.10504201680672269
