7 0.47265625 0.1820083682008368 0.0734375 0.12552301255230125
7 0.6078125000000001 0.7573221757322175 0.19687500000000002 0.18410041841004182
7 0.1765625 0.40062761506276146 0.146875 0.13598326359832635
7 0.10703125000000001 0.7510460251046025 0.1203125 0.20502092050209203
7 0.43125 0.8723849372384936 0.115625 0.10878661087866108
7 0.27890625 0.8598326359832635 0.1203125 0.20502092050209203
7 0.7718750000000001 0.34832635983263593 0.14375000000000002 0.24476987447698742
7 0.5945312500000001 0.8200836820083681 0.060937500000000006 0.10460251046025104
7 0.34296875000000004 0.05753138075313807 0.0671875 0.11506276150627615
7 0.80625 0.18305439330543932 0.096875 0.16527196652719664
