7 0.66953125 0.4296536796536797 0.0390625 0.21428571428571427
7 0.7367187500000001 0.13744588744588745 0.0390625 0.21428571428571427
7 0.48750000000000004 0.5844155844155844 0.0125 0.1645021645021645
7 0.9906250000000001 0.6601731601731602 0.009375000000000001 0.12554112554112554
7 0.10546875 0.6114718614718615 0.026562500000000003 0.15367965367965367
7 0.8070312500000001 0.31601731601731603 0.13593750000000002 0.11688311688311688
7 0.10234375000000001 0.1893939393939394 0.0421875 0.24458874458874458
7 0.7117187500000001 0.19913419913419914 0.0171875 0.1038961038961039
7 0.97578125 0.645021645021645 0.0203125 0.12554112554112554
7 0.07421875 0.37554112554112556 0.0171875 0.21428571428571427
7 0.6640625 0.49134199134199136 0.0125 0.1645021645021645
7 0.40078125000000003 0.6634199134199135 0.1859375 0.15800865800865802
