7 0.15156250000000002 0.45074946466809424 0.037500000000000006 0.08779443254817988
7 0.7000000000000001 0.7826552462526767 0.059375000000000004 0.13490364025695933
7 0.8343750000000001 0.40149892933618847 0.08125 0.1948608137044968
7 0.1609375 0.2291220556745182 0.018750000000000003 0.11563169164882228
7 0.21796875000000002 0.22483940042826553 0.09843750000000001 0.23554603854389722
7 0.734375 0.6423982869379016 0.0625 0.20556745182012848
7 0.26484375 0.7494646680942184 0.2265625 0.13704496788008566
7 0.19609375 0.35760171306209854 0.0734375 0.1498929336188437
7 0.11406250000000001 0.29014989293361887 0.06875 0.16488222698072805
7 0.21953125 0.21734475374732334 0.23593750000000002 0.14346895074946467
7 0.58828125 0.42184154175588867 0.0765625 0.1841541755888651
7 0.9031250000000001 0.6274089935760172 0.07187500000000001 0.23554603854389722
