7 0.18125000000000002 0.33116883116883117 0.215625 0.18614718614718614
7 0.7890625 0.2326839826839827 0.037500000000000006 0.20562770562770563
7 0.66796875 0.19480519480519481 0.0203125 0.12554112554112554
7 0.5710937500000001 0.8474025974025974 0.0140625 0.17532467532467533
7 0.44921875 0.8116883116883117 0.0203125 0.23376623376623376
7 0.8015625000000001 0.6255411255411255 0.15625 0.1341991341991342
7 0.27578125000000003 0.5140692640692641 0.0078125 0.11471861471861472
7 0.453125 0.5292207792207793 0.025 0.14502164502164502
7 0.5671875000000001 0.6829004329004329 0.03125 0.17532467532467533
7 0.49453125000000003 0.41774891774891776 0.029687500000000002 0.1645021645021645
