7 0.22968750000000002 0.08977272727272727 0.12187500000000001 0.125
7 0.628125 0.6420454545454545 0.18125000000000002 0.18409090909090908
7 0.5109375 0.2159090909090909 0.05625 0.10454545454545454
7 0.39765625000000004 0.8761363636363636 0.1328125 0.1340909090909091
7 0.10390625 0.5636363636363636 0.11093750000000001 0.20454545454545453
7 0.36171875000000003 0.6465909090909091 0.1265625 0.23409090909090907
7 0.8515625 0.2875 0.12187500000000001 0.22499999999999998
7 0.30546875 0.44090909090909086 0.060937500000000006 0.11363636363636363
7 0.63203125 0.3840909090909091 0.1609375 0.16363636363636364
7 0.6570312500000001 0.29772727272727273 0.1421875 0.14545454545454545
