7 0.4152941176470588 0.790625 0.025882352941176467 0.14375000000000002
7 0.5599999999999999 0.58515625 0.03294117647058823 0.1859375
7 0.3905882352941176 0.86640625 0.042352941176470586 0.2265625
7 0.28117647058823525 0.35000000000000003 0.20470588235294115 0.084375
7 0.6835294117647058 0.14609375 0.09176470588235293 0.2265625
7 0.7070588235294117 0.8359375 0.12470588235294117 0.05
7 0.1564705882352941 0.9085937500000001 0.030588235294117645 0.1765625
7 0.0588235294117647 0.79296875 0.042352941176470586 0.2265625
7 0.18352941176470586 0.6195312500000001 0.10352941176470587 0.0421875
7 0.6658823529411764 0.11484375000000001 0.023529411764705882 0.13593750000000002
7 0.4094117647058823 0.115625 0.042352941176470586 0.115625
7 0.8729411764705881 0.18906250000000002 0.018823529411764704 0.115625
