7 0.6742187500000001 0.14038876889848814 0.029687500000000002 0.16414686825053998
7 0.85703125 0.28725701943844495 0.026562500000000003 0.15550755939524838
7 0.078125 0.8466522678185746 0.10625000000000001 0.09071274298056156
7 0.9546875 0.7796976241900648 0.009375000000000001 0.12526997840172788
7 0.0054687500000000005 0.5712742980561556 0.010937500000000001 0.14470842332613393
7 0.5750000000000001 0.38552915766738666 0.018750000000000003 0.1144708423326134
7 0.14140625 0.05399568034557236 0.1265625 0.10799136069114472
7 0.8601562500000001 0.6663066954643629 0.0328125 0.183585313174946
7 0.28750000000000003 0.632829373650108 0.015625 0.09503239740820735
7 0.50390625 0.9060475161987042 0.1859375 0.15766738660907129
7 0.53125 0.2580993520518359 0.03125 0.17494600431965443
