7 0.328125 0.3961625282167043 0.028125 0.16478555304740405
7 0.4390625 0.4153498871331828 0.15625 0.1399548532731377
7 0.26328125 0.8408577878103837 0.0203125 0.12415349887133181
7 0.23828125 0.36907449209932275 0.0171875 0.21444695259593677
7 0.92734375 0.5259593679458239 0.1265625 0.1128668171557562
7 0.5710937500000001 0.4074492099322799 0.0421875 0.23250564334085777
7 0.8773437500000001 0.5485327313769751 0.23593750000000002 0.21218961625282165
7 0.14140625 0.5959367945823927 0.0203125 0.2437923250564334
7 0.57734375 0.22347629796839727 0.0421875 0.2347629796839729
7 0.26640625 0.8950338600451466 0.029687500000000002 0.17381489841986456
7 0.09765625 0.18510158013544017 0.0421875 0.2347629796839729
