7 0.5337837837837838 0.78828125 0.04504504504504504 0.1265625
7 0.9391891891891891 0.7601562500000001 0.07207207207207207 0.1859375
7 0.954954954954955 0.36953125000000003 0.018018018018018018 0.1265625
7 0.8513513513513513 0.4921875 0.04054054054054054 0.115625
7 0.8096846846846847 0.7265625 0.038288288288288286 0.215625
7 0.9448198198198198 0.33046875000000003 0.02927927927927928 0.1765625
7 0.14414414414414414 0.6000000000000001 0.1036036036036036 0.043750000000000004
7 0.6103603603603603 0.4 0.036036036036036036 0.10625000000000001
7 0.13851351351351351 0.9398437500000001 0.20495495495495494 0.0890625
7 0.5844594594594594 0.43203125000000003 0.08783783783783784 0.2265625
