7 0.11625282167042889 0.8484375000000001 0.20541760722347627 0.08750000000000001
7 0.8724604966139954 0.27187500000000003 0.03386004514672686 0.19687500000000002
7 0.14334085778781036 0.27890625 0.09255079006772009 0.23593750000000002
7 0.5485327313769751 0.20078125000000002 0.040632054176072234 0.2265625
7 0.765237020316027 0.6890625 0.01805869074492099 0.115625
7 0.7968397291196387 0.6492187500000001 0.13544018058690743 0.0578125
7 0.891647855530474 0.40156250000000004 0.040632054176072234 0.115625
7 0.2753950338600451 0.6515625 0.013544018058690745 0.096875
7 0.39051918735891644 0.3515625 0.03611738148984198 0.10625000000000001
7 0.15688487584650113 0.728125 0.22347629796839727 0.096875
7 0.7200902934537246 0.8250000000000001 0.02708803611738149 0.16562500000000002
7 0.06094808126410835 0.7296875 0.08126410835214447 0.20625000000000002
