8 0.1421875 0.8569868995633187 0.06875 0.19432314410480347
8 0.90234375 0.5851528384279475 0.0171875 0.11353711790393012
8 0.8265625000000001 0.806768558951965 0.0625 0.12445414847161572
8 0.5390625 0.37554585152838427 0.059375000000000004 0.11353711790393012
8 0.18984375 0.4279475982532751 0.0765625 0.21397379912663755
8 0.8601562500000001 0.5524017467248908 0.0765625 0.20524017467248906
8 0.7671875 0.8253275109170305 0.05625 0.20524017467248906
8 0.3296875 0.16048034934497815 0.084375 0.2336244541484716
8 0.4421875 0.1593886462882096 0.08125 0.17467248908296942
8 0.68515625 0.5764192139737991 0.11093750000000001 0.14410480349344978
8 0.7250000000000001 0.8930131004366811 0.040625 0.09606986899563319
8 0.31953125000000004 0.42358078602620086 0.0921875 0.17467248908296942
