9 0.8197278911564626 0.30000000000000004 0.1383219954648526 0.203125
9 0.20975056689342403 0.28515625 0.16099773242630386 0.23593750000000002
9 0.5963718820861679 0.34687500000000004 0.16780045351473924 0.1625
9 0.4886621315192744 0.76953125 0.11111111111111112 0.1265625
9 0.7789115646258503 0.89375 0.12471655328798187 0.146875
9 0.1235827664399093 0.23046875 0.1292517006802721 0.1859375
9 0.6428571428571429 0.24453125 0.23356009070294786 0.2109375
9 0.9478458049886621 0.178125 0.07256235827664399 0.10625000000000001
9 0.2868480725623583 0.12812500000000002 0.10204081632653061 0.115625
9 0.7086167800453514 0.34296875000000004 0.11564625850340136 0.1640625
9 0.6836734693877551 0.1765625 0.14285714285714285 0.20625000000000002
