8 0.06875 0.4501133786848073 0.043750000000000004 0.1836734693877551
8 0.39921875 0.5396825396825397 0.0703125 0.19501133786848074
8 0.70859375 0.1292517006802721 0.0921875 0.19501133786848074
8 0.7250000000000001 0.8594104308390023 0.084375 0.11337868480725624
8 0.48984375 0.735827664399093 0.029687500000000002 0.17460317460317462
8 0.37890625 0.31859410430839 0.0390625 0.12471655328798187
8 0.78046875 0.3253968253968254 0.1046875 0.23356009070294786
8 0.225 0.7936507936507937 0.07187500000000001 0.15419501133786848
8 0.14453125 0.8219954648526078 0.0765625 0.21541950113378686
8 0.97265625 0.7528344671201814 0.0421875 0.09523809523809525
