8 0.30306345733041573 0.10859375 0.06783369803063458 0.13593750000000002
8 0.28227571115973743 0.50703125 0.087527352297593 0.1203125
8 0.47045951859956237 0.41718750000000004 0.15317286652078774 0.215625
8 0.8435448577680524 0.74375 0.09846827133479212 0.09375
8 0.149890590809628 0.52890625 0.12472647702407001 0.1203125
8 0.8960612691466083 0.70234375 0.1334792122538293 0.0890625
8 0.888402625820569 0.28515625 0.16630196936542668 0.2265625
8 0.7691466083150984 0.73046875 0.1334792122538293 0.0890625
8 0.11925601750547045 0.8515625 0.16411378555798686 0.15937500000000002
8 0.5645514223194749 0.6687500000000001 0.1050328227571116 0.09375
