8 0.94296875 0.684322033898305 0.0546875 0.11440677966101695
8 0.253125 0.8241525423728814 0.037500000000000006 0.13559322033898305
8 0.2 0.9375 0.028125 0.07415254237288135
8 0.5750000000000001 0.4332627118644068 0.08750000000000001 0.1843220338983051
8 0.5046875000000001 0.8061440677966102 0.034375 0.125
8 0.7523437500000001 0.1652542372881356 0.029687500000000002 0.05508474576271186
8 0.69921875 0.2542372881355932 0.09843750000000001 0.19491525423728814
8 0.8031250000000001 0.4258474576271186 0.07500000000000001 0.19491525423728814
8 0.74921875 0.8622881355932204 0.0671875 0.17372881355932204
8 0.22187500000000002 0.875 0.10625000000000001 0.19491525423728814
8 0.9484375 0.2065677966101695 0.040625 0.13771186440677965
