8 0.7210937500000001 0.34205426356589147 0.045312500000000006 0.24612403100775193
8 0.49609375 0.6317829457364341 0.026562500000000003 0.09302325581395349
8 0.80625 0.14244186046511628 0.021875000000000002 0.12596899224806202
8 0.08515625 0.33624031007751937 0.045312500000000006 0.16472868217054262
8 0.47968750000000004 0.3372093023255814 0.028125 0.15503875968992248
8 0.45390625 0.7141472868217054 0.0421875 0.19573643410852712
8 0.6898437500000001 0.6327519379844961 0.051562500000000004 0.23449612403100775
8 0.046875 0.7936046511627907 0.08750000000000001 0.24612403100775193
8 0.9187500000000001 0.5067829457364341 0.134375 0.24612403100775193
8 0.5476562500000001 0.09786821705426356 0.0421875 0.19573643410852712
