9 0.1810344827586207 0.3375 0.09051724137931035 0.096875
9 0.5980603448275862 0.83515625 0.05818965517241379 0.1046875
9 0.19181034482758622 0.1296875 0.24137931034482757 0.246875
9 0.7726293103448276 0.5796875 0.1875 0.19687500000000002
9 0.8372844827586207 0.92734375 0.07543103448275862 0.13593750000000002
9 0.4752155172413793 0.86484375 0.22198275862068964 0.2265625
9 0.39978448275862066 0.32578125 0.11422413793103448 0.09843750000000001
9 0.1853448275862069 0.7039062500000001 0.125 0.1015625
9 0.21982758620689655 0.16640625 0.21551724137931033 0.18281250000000002
9 0.7844827586206896 0.9242187500000001 0.1336206896551724 0.13593750000000002
9 0.27586206896551724 0.46484375 0.1336206896551724 0.0890625
