9 0.9114942528735632 0.546875 0.15402298850574714 0.153125
9 0.860919540229885 0.21484375 0.15402298850574714 0.1265625
9 0.2218390804597701 0.50546875 0.20919540229885059 0.22031250000000002
9 0.8655172413793103 0.06875 0.10344827586206896 0.10312500000000001
9 0.6689655172413793 0.7859375000000001 0.041379310344827586 0.040625
9 0.26206896551724135 0.6640625 0.13793103448275862 0.19687500000000002
9 0.2471264367816092 0.890625 0.10344827586206896 0.10312500000000001
9 0.37701149425287356 0.8601562500000001 0.16091954022988506 0.19843750000000002
9 0.6896551724137931 0.7039062500000001 0.23448275862068965 0.22968750000000002
9 0.0793103448275862 0.44453125000000004 0.1586206896551724 0.2265625
9 0.45517241379310347 0.8343750000000001 0.17471264367816092 0.246875
