9 0.79609375 0.13130252100840337 0.1078125 0.17436974789915966
9 0.925 0.2699579831932773 0.096875 0.21218487394957983
9 0.325 0.14600840336134452 0.07187500000000001 0.11554621848739495
9 0.9171875 0.7394957983193277 0.06875 0.10504201680672269
9 0.5710937500000001 0.5535714285714285 0.11093750000000001 0.17436974789915966
9 0.8796875000000001 0.1953781512605042 0.115625 0.23529411764705882
9 0.74765625 0.375 0.1015625 0.12394957983193276
9 0.51328125 0.76890756302521 0.1265625 0.1638655462184874
9 0.63671875 0.75 0.1484375 0.23529411764705882
9 0.34296875000000004 0.694327731092437 0.1171875 0.1449579831932773
