8 0.5234375 0.8776595744680851 0.046875 0.13404255319148936
8 0.83984375 0.3297872340425532 0.060937500000000006 0.17446808510638298
8 0.5640625 0.2053191489361702 0.06875 0.13404255319148936
8 0.9070312500000001 0.6829787234042554 0.0734375 0.1446808510638298
8 0.7039062500000001 0.25638297872340426 0.0578125 0.16382978723404257
8 0.09296875 0.6712765957446809 0.1234375 0.14680851063829786
8 0.95625 0.898936170212766 0.03125 0.10425531914893617
8 0.6203125 0.10957446808510639 0.05 0.16382978723404257
8 0.37812500000000004 0.08404255319148936 0.059375000000000004 0.15531914893617021
8 0.10859375 0.6702127659574468 0.08281250000000001 0.23404255319148937
8 0.6375000000000001 0.5372340425531915 0.07500000000000001 0.24468085106382978
8 0.8171875000000001 0.3702127659574468 0.115625 0.225531914893617
