8 0.8851562500000001 0.6272727272727272 0.0734375 0.14545454545454545
8 0.68359375 0.7090909090909091 0.0546875 0.15454545454545454
8 0.51171875 0.10454545454545454 0.035937500000000004 0.10454545454545454
8 0.9304687500000001 0.3443181818181818 0.026562500000000003 0.1340909090909091
8 0.74140625 0.8238636363636364 0.1234375 0.22499999999999998
8 0.59609375 0.6818181818181818 0.0734375 0.16363636363636364
8 0.6804687500000001 0.2125 0.11093750000000001 0.23409090909090907
8 0.496875 0.39545454545454545 0.078125 0.15454545454545454
8 0.096875 0.3852272727272727 0.065625 0.18409090909090908
8 0.16562500000000002 0.5420454545454545 0.11875000000000001 0.23409090909090907
8 0.2234375 0.3318181818181818 0.05625 0.21363636363636362
