9 0.40468750000000003 0.27678571428571425 0.08750000000000001 0.21428571428571427
9 0.84296875 0.6350446428571428 0.1203125 0.22544642857142855
9 0.5453125 0.9051339285714285 0.084375 0.1450892857142857
9 0.4453125 0.7488839285714285 0.037500000000000006 0.11383928571428571
9 0.14609375 0.8337053571428571 0.06406250000000001 0.19419642857142855
9 0.49921875000000004 0.10491071428571427 0.0546875 0.13392857142857142
9 0.4234375 0.09933035714285714 0.037500000000000006 0.11383928571428571
9 0.76953125 0.7901785714285714 0.1015625 0.21428571428571427
9 0.515625 0.47991071428571425 0.10312500000000001 0.21428571428571427
9 0.203125 0.4263392857142857 0.059375000000000004 0.125
9 0.821875 0.42075892857142855 0.0625 0.15401785714285712
9 0.72578125 0.4899553571428571 0.0890625 0.18526785714285712
