9 0.17827004219409281 0.578125 0.11181434599156118 0.109375
9 0.9219409282700421 0.11171875 0.11392405063291139 0.1015625
9 0.390295358649789 0.48281250000000003 0.14345991561181434 0.16562500000000002
9 0.5274261603375527 0.846875 0.18987341772151897 0.20625000000000002
9 0.5991561181434598 0.3765625 0.20675105485232065 0.225
9 0.08649789029535865 0.39609375 0.1181434599156118 0.1859375
9 0.540084388185654 0.5046875000000001 0.15189873417721517 0.23125
9 0.5158227848101266 0.4078125 0.1371308016877637 0.184375
9 0.4071729957805907 0.3484375 0.18143459915611812 0.19687500000000002
9 0.2162447257383966 0.3203125 0.15400843881856538 0.09062500000000001
9 0.2130801687763713 0.44921875 0.21940928270042193 0.23593750000000002
