8 0.33916083916083917 0.15390625000000002 0.21678321678321677 0.2265625
8 0.24825174825174826 0.27578125000000003 0.04428904428904429 0.026562500000000003
8 0.3822843822843823 0.7914062500000001 0.1445221445221445 0.1234375
8 0.7086247086247086 0.15937500000000002 0.15384615384615385 0.09062500000000001
8 0.20163170163170163 0.37578125 0.07226107226107226 0.0734375
8 0.7692307692307693 0.40156250000000004 0.06060606060606061 0.115625
8 0.9475524475524475 0.73828125 0.07226107226107226 0.13593750000000002
8 0.22494172494172493 0.64375 0.1048951048951049 0.037500000000000006
8 0.21561771561771562 0.26875 0.24475524475524477 0.15000000000000002
8 0.486013986013986 0.6953125 0.030303030303030304 0.096875
8 0.5093240093240093 0.20546875 0.17482517482517482 0.1046875
