8 0.7542372881355932 0.515625 0.038135593220338986 0.10625000000000001
8 0.6536016949152542 0.671875 0.05296610169491525 0.146875
8 0.2108050847457627 0.5953125 0.0614406779661017 0.10625000000000001
8 0.7065677966101694 0.18984375 0.04025423728813559 0.13593750000000002
8 0.7828389830508474 0.603125 0.0614406779661017 0.19687500000000002
8 0.8125 0.65 0.04025423728813559 0.115625
8 0.5222457627118644 0.20546875 0.07415254237288135 0.1859375
8 0.10699152542372882 0.5328125 0.04025423728813559 0.1125
8 0.03919491525423729 0.7546875000000001 0.03177966101694915 0.10625000000000001
8 0.9396186440677966 0.55 0.057203389830508475 0.146875
8 0.07309322033898305 0.6937500000000001 0.0826271186440678 0.20625000000000002
8 0.9311440677966102 0.40156250000000004 0.057203389830508475 0.11875000000000001
