9 0.86328125 0.7260692464358451 0.1203125 0.20570264765784113
9 0.6218750000000001 0.4307535641547861 0.109375 0.18533604887983704
9 0.690625 0.664969450101833 0.1375 0.1731160896130346
9 0.8851562500000001 0.3462321792260692 0.07968750000000001 0.175152749490835
9 0.7859375000000001 0.13849287169042768 0.12812500000000002 0.175152749490835
9 0.6804687500000001 0.7342158859470468 0.1453125 0.23421588594704681
9 0.515625 0.11710794297352341 0.07500000000000001 0.12423625254582484
9 0.4296875 0.1934826883910387 0.12812500000000002 0.175152749490835
9 0.8015625000000001 0.4460285132382892 0.08125 0.12219959266802442
9 0.8375 0.3808553971486761 0.153125 0.24439918533604885
9 0.043750000000000004 0.5580448065173116 0.084375 0.1140529531568228
