8 0.59609375 0.5264830508474576 0.035937500000000004 0.1673728813559322
8 0.2828125 0.10699152542372882 0.109375 0.1843220338983051
8 0.7515625 0.375 0.03125 0.08050847457627118
8 0.94921875 0.8654661016949152 0.051562500000000004 0.15466101694915255
8 0.42812500000000003 0.3400423728813559 0.053125000000000006 0.2055084745762712
8 0.8601562500000001 0.163135593220339 0.0890625 0.19491525423728814
8 0.23984375000000002 0.5317796610169492 0.060937500000000006 0.1652542372881356
8 0.08515625 0.8008474576271186 0.1171875 0.2457627118644068
8 0.5476562500000001 0.11970338983050847 0.0390625 0.1038135593220339
8 0.76953125 0.6822033898305084 0.1171875 0.2457627118644068
8 0.4453125 0.5688559322033898 0.037500000000000006 0.2055084745762712
