8 0.13046875 0.6689497716894977 0.0328125 0.1050228310502283
8 0.18984375 0.4372146118721461 0.051562500000000004 0.24429223744292236
8 0.86640625 0.7876712328767123 0.1296875 0.1735159817351598
8 0.6976562500000001 0.8116438356164383 0.0734375 0.20319634703196346
8 0.63046875 0.8618721461187214 0.08281250000000001 0.19406392694063926
8 0.671875 0.726027397260274 0.040625 0.1141552511415525
8 0.6921875000000001 0.5981735159817352 0.03125 0.1141552511415525
8 0.9164062500000001 0.7625570776255708 0.1078125 0.2237442922374429
8 0.38203125000000004 0.41324200913242004 0.1296875 0.1735159817351598
8 0.31796875 0.523972602739726 0.029687500000000002 0.09360730593607305
8 0.5281250000000001 0.21232876712328766 0.09062500000000001 0.2146118721461187
