9 0.16718750000000002 0.7342733188720174 0.18125000000000002 0.21475054229934926
9 0.32265625000000003 0.38611713665943603 0.1609375 0.17787418655097614
9 0.33906250000000004 0.24945770065075923 0.14375000000000002 0.1648590021691974
9 0.6546875000000001 0.4240780911062907 0.09062500000000001 0.12364425162689806
9 0.38593750000000004 0.3969631236442516 0.12812500000000002 0.1735357917570499
9 0.16640625 0.2993492407809111 0.11406250000000001 0.13449023861171366
9 0.8984375 0.6388286334056399 0.1875 0.21475054229934926
9 0.43515625 0.10629067245119306 0.07968750000000001 0.09544468546637744
9 0.6046875 0.8156182212581345 0.05625 0.1648590021691974
9 0.7671875 0.35683297180043383 0.20625000000000002 0.24511930585683298
9 0.56796875 0.7657266811279827 0.0765625 0.10412147505422994
