8 0.6305309734513275 0.1875 0.0663716814159292 0.19687500000000002
8 0.8495575221238938 0.3484375 0.1592920353982301 0.16562500000000002
8 0.46017699115044247 0.421875 0.2079646017699115 0.215625
8 0.6515486725663717 0.7921875 0.06415929203539823 0.16562500000000002
8 0.5221238938053098 0.14765625000000002 0.1592920353982301 0.1765625
8 0.6305309734513275 0.43828125 0.11061946902654868 0.1765625
8 0.28761061946902655 0.6570312500000001 0.048672566371681415 0.1765625
8 0.9413716814159292 0.465625 0.05973451327433628 0.146875
8 0.375 0.371875 0.04203539823008849 0.115625
8 0.8362831858407079 0.465625 0.09734513274336283 0.15625
8 0.6548672566371682 0.80859375 0.11946902654867256 0.1265625
8 0.26216814159292035 0.5945312500000001 0.07300884955752213 0.2265625
