8 0.06953125 0.43018018018018017 0.07968750000000001 0.16216216216216217
8 0.66015625 0.3490990990990991 0.026562500000000003 0.14414414414414414
8 0.37890625 0.5506756756756757 0.026562500000000003 0.11486486486486486
8 0.66328125 0.5472972972972973 0.0234375 0.13513513513513514
8 0.54453125 0.5281531531531531 0.1234375 0.1644144144144144
8 0.53359375 0.26463963963963966 0.1703125 0.21396396396396397
8 0.18984375 0.3322072072072072 0.0203125 0.1373873873873874
8 0.6101562500000001 0.2195945945945946 0.20468750000000002 0.10135135135135136
8 0.08125 0.5754504504504504 0.12187500000000001 0.1554054054054054
8 0.84375 0.30518018018018017 0.09375 0.17342342342342343
8 0.21328125 0.8941441441441441 0.026562500000000003 0.14414414414414414
