8 0.7286374133949192 0.057031250000000006 0.04849884526558891 0.1046875
8 0.1397228637413395 0.6023437500000001 0.17321016166281755 0.15156250000000002
8 0.6697459584295612 0.5515625000000001 0.06004618937644342 0.146875
8 0.7471131639722863 0.790625 0.04849884526558891 0.115625
8 0.5612009237875288 0.7296875 0.09699769053117782 0.1
8 0.30600461893764436 0.58359375 0.04387990762124711 0.13593750000000002
8 0.5762124711316398 0.7734375 0.03002309468822171 0.096875
8 0.31062355658198615 0.25859375 0.04387990762124711 0.0859375
8 0.2390300230946882 0.8617187500000001 0.09006928406466512 0.2265625
8 0.2806004618937644 0.67734375 0.07621247113163972 0.2265625
