8 0.506578947368421 0.8875000000000001 0.14473684210526316 0.146875
8 0.5054824561403508 0.8835937500000001 0.08552631578947367 0.1078125
8 0.6973684210526315 0.7546875000000001 0.09210526315789473 0.10625000000000001
8 0.15899122807017543 0.52265625 0.08991228070175439 0.13593750000000002
8 0.8157894736842105 0.41328125000000004 0.11403508771929824 0.1640625
8 0.4232456140350877 0.86484375 0.18421052631578946 0.1859375
8 0.07894736842105263 0.2078125 0.07456140350877193 0.115625
8 0.7587719298245613 0.30781250000000004 0.10526315789473684 0.06875
8 0.4451754385964912 0.56875 0.10964912280701754 0.16562500000000002
8 0.5942982456140351 0.33125000000000004 0.12719298245614036 0.184375
8 0.29605263157894735 0.23125 0.22368421052631576 0.146875
8 0.27192982456140347 0.753125 0.11403508771929824 0.07500000000000001
