8 0.3370786516853933 0.4 0.21123595505617979 0.215625
8 0.44044943820224725 0.375 0.16179775280898878 0.16562500000000002
8 0.9146067415730338 0.24296875 0.09438202247191012 0.23593750000000002
8 0.3370786516853933 0.24609375 0.04943820224719102 0.1265625
8 0.23932584269662924 0.5203125000000001 0.0651685393258427 0.19687500000000002
8 0.5876404494382023 0.7390625000000001 0.07865168539325844 0.19687500000000002
8 0.655056179775281 0.47109375000000003 0.05168539325842697 0.13593750000000002
8 0.8752808988764046 0.50546875 0.05617977528089888 0.1078125
8 0.2808988764044944 0.56015625 0.14382022471910114 0.2265625
8 0.20674157303370788 0.12812500000000002 0.15280898876404495 0.15625
8 0.7011235955056181 0.47421875 0.07191011235955057 0.1859375
8 0.2752808988764045 0.23046875 0.07865168539325844 0.1265625
