9 0.5829787234042554 0.76171875 0.15319148936170213 0.1765625
9 0.16276595744680852 0.17890625000000002 0.22340425531914895 0.23593750000000002
9 0.1446808510638298 0.5234375 0.2 0.20625000000000002
9 0.5287234042553192 0.87265625 0.16382978723404257 0.11093750000000001
9 0.3595744680851064 0.18281250000000002 0.2 0.20625000000000002
9 0.524468085106383 0.39453125 0.16808510638297872 0.1859375
9 0.6755319148936171 0.27734375 0.16382978723404257 0.11093750000000001
9 0.23404255319148937 0.6882812500000001 0.1702127659574468 0.1765625
9 0.902127659574468 0.19609375 0.1148936170212766 0.09531250000000001
9 0.4553191489361702 0.56171875 0.17446808510638298 0.1171875
9 0.8840425531914894 0.6234375000000001 0.10425531914893617 0.115625
9 0.33617021276595743 0.62265625 0.1148936170212766 0.0765625
