9 0.293598233995585 0.19609375 0.18984547461368653 0.2265625
9 0.336644591611479 0.65 0.152317880794702 0.15000000000000002
9 0.09823399558498896 0.5859375 0.1346578366445916 0.14375000000000002
9 0.5485651214128036 0.41250000000000003 0.1346578366445916 0.15625
9 0.30353200883002207 0.5593750000000001 0.09933774834437085 0.096875
9 0.7229580573951435 0.5953125 0.17439293598233996 0.1625
9 0.26269315673289184 0.13984375000000002 0.07505518763796909 0.11406250000000001
9 0.0739514348785872 0.4765625 0.09050772626931568 0.10625000000000001
9 0.2108167770419426 0.59375 0.1434878587196468 0.16562500000000002
9 0.7439293598233996 0.12578125 0.23399558498896247 0.19843750000000002
9 0.18874172185430463 0.1484375 0.1434878587196468 0.134375
