8 0.8156182212581345 0.9085937500000001 0.0911062906724512 0.1765625
8 0.6453362255965293 0.1875 0.06724511930585683 0.16562500000000002
8 0.3004338394793926 0.5242187500000001 0.049891540130151846 0.13593750000000002
8 0.5878524945770065 0.3984375 0.04338394793926247 0.09375
8 0.02928416485900217 0.42734375 0.02819956616052061 0.15781250000000002
8 0.7711496746203905 0.6671875 0.05422993492407809 0.1375
8 0.09219088937093275 0.35234375 0.17570498915401303 0.1859375
8 0.036876355748373106 0.6179687500000001 0.06941431670281996 0.1859375
8 0.6843817787418656 0.859375 0.1843817787418655 0.19687500000000002
8 0.2700650759219089 0.14453125 0.08026030368763558 0.16718750000000002
8 0.3329718004338395 0.9148437500000001 0.1279826464208243 0.13593750000000002
8 0.4175704989154013 0.209375 0.06290672451193059 0.16875
