9 0.42812500000000003 0.5546511627906977 0.134375 0.23488372093023255
9 0.43359375 0.31046511627906975 0.08281250000000001 0.18372093023255814
9 0.09375 0.37790697674418605 0.12812500000000002 0.1744186046511628
9 0.509375 0.29767441860465116 0.12187500000000001 0.21395348837209302
9 0.46484375 0.47093023255813954 0.0765625 0.10465116279069767
9 0.85703125 0.8732558139534884 0.0765625 0.1744186046511628
9 0.8031250000000001 0.3186046511627907 0.08750000000000001 0.20465116279069767
9 0.58515625 0.19651162790697674 0.0484375 0.10465116279069767
9 0.284375 0.28604651162790695 0.12812500000000002 0.22325581395348837
9 0.89453125 0.7162790697674418 0.11093750000000001 0.19534883720930232
