8 0.48640167364016734 0.7406250000000001 0.08577405857740585 0.15625
8 0.604602510460251 0.8406250000000001 0.13389121338912133 0.20625000000000002
8 0.6150627615062761 0.753125 0.20502092050209203 0.140625
8 0.2845188284518828 0.78046875 0.17573221757322174 0.1203125
8 0.19351464435146443 0.7156250000000001 0.06485355648535564 0.10625000000000001
8 0.1924686192468619 0.37343750000000003 0.10460251046025104 0.19687500000000002
8 0.6548117154811715 0.54453125 0.11715481171548116 0.1265625
8 0.752092050209205 0.46718750000000003 0.12761506276150628 0.19687500000000002
8 0.7489539748953974 0.64375 0.06694560669456066 0.096875
8 0.2133891213389121 0.34921875 0.18410041841004182 0.1265625
8 0.4382845188284518 0.340625 0.09414225941422594 0.146875
8 0.2238493723849372 0.86875 0.10460251046025104 0.07187500000000001
