9 0.79453125 0.7424242424242424 0.1546875 0.22424242424242424
9 0.753125 0.5707070707070707 0.05 0.09494949494949495
9 0.14609375 0.21414141414141413 0.1546875 0.23434343434343435
9 0.3140625 0.5151515151515151 0.07187500000000001 0.09696969696969697
9 0.17343750000000002 0.5696969696969697 0.115625 0.23434343434343435
9 0.8359375 0.9202020202020202 0.05625 0.11515151515151516
9 0.52578125 0.26464646464646463 0.0734375 0.14545454545454545
9 0.34687500000000004 0.6717171717171717 0.065625 0.13535353535353536
9 0.3140625 0.4212121212121212 0.084375 0.15555555555555556
9 0.6156250000000001 0.6393939393939394 0.078125 0.11515151515151516
