8 0.3764705882352941 0.8304687500000001 0.06117647058823529 0.1765625
8 0.7905882352941176 0.31562500000000004 0.08470588235294117 0.13125
8 0.6917647058823528 0.6296875000000001 0.08470588235294117 0.20625000000000002
8 0.6952941176470587 0.296875 0.11058823529411764 0.16562500000000002
8 0.3317647058823529 0.8484375000000001 0.08941176470588234 0.215625
8 0.17176470588235293 0.8859375 0.042352941176470586 0.10625000000000001
8 0.628235294117647 0.49609375 0.051764705882352935 0.1265625
8 0.25176470588235295 0.14765625000000002 0.16470588235294117 0.1609375
8 0.25176470588235295 0.7140625 0.08470588235294117 0.20625000000000002
8 0.448235294117647 0.23359375000000002 0.08235294117647059 0.1265625
8 0.3729411764705882 0.83984375 0.14352941176470588 0.1421875
