8 0.7835937500000001 0.6405109489051095 0.13593750000000002 0.15328467153284672
8 0.88203125 0.38503649635036497 0.029687500000000002 0.10583941605839416
8 0.6421875 0.33302919708029194 0.10312500000000001 0.14781021897810218
8 0.7273437500000001 0.18065693430656934 0.22031250000000002 0.22627737226277372
8 0.5125000000000001 0.8220802919708029 0.171875 0.19525547445255473
8 0.3953125 0.3585766423357664 0.16562500000000002 0.10766423357664233
8 0.61875 0.5474452554744526 0.11875000000000001 0.21532846715328466
8 0.95703125 0.8704379562043796 0.0546875 0.22627737226277372
8 0.82421875 0.5866788321167883 0.1765625 0.11496350364963503
8 0.34140625 0.8868613138686131 0.17343750000000002 0.18613138686131386
8 0.8304687500000001 0.14781021897810218 0.1421875 0.145985401459854
8 0.09375 0.08667883211678831 0.0625 0.11496350364963503
