8 0.28984375 0.859090909090909 0.0484375 0.10454545454545454
8 0.69921875 0.5170454545454545 0.026562500000000003 0.12045454545454545
8 0.4296875 0.2034090909090909 0.043750000000000004 0.09318181818181817
8 0.30703125000000003 0.6386363636363636 0.035937500000000004 0.19545454545454544
8 0.7734375 0.46249999999999997 0.025 0.1340909090909091
8 0.41718750000000004 0.8931818181818182 0.03125 0.16363636363636364
8 0.09453125000000001 0.23295454545454544 0.0859375 0.18409090909090908
8 0.9734375000000001 0.11704545454545454 0.028125 0.18409090909090908
8 0.8070312500000001 0.3704545454545454 0.029687500000000002 0.15454545454545454
8 0.4890625 0.5965909090909091 0.018750000000000003 0.1340909090909091
