8 0.7867803837953091 0.07500000000000001 0.2046908315565032 0.1375
8 0.7057569296375267 0.16562500000000002 0.11087420042643922 0.15625
8 0.579957356076759 0.15625 0.08955223880597014 0.10625000000000001
8 0.1929637526652452 0.2171875 0.13859275053304904 0.215625
8 0.24307036247334754 0.46640625 0.16204690831556504 0.2265625
8 0.7473347547974414 0.3171875 0.19829424307036247 0.20625000000000002
8 0.3294243070362473 0.20625000000000002 0.18976545842217485 0.20625000000000002
8 0.4936034115138593 0.7625000000000001 0.1257995735607676 0.19687500000000002
8 0.5735607675906184 0.81640625 0.09381663113006397 0.06406250000000001
8 0.5575692963752665 0.30781250000000004 0.185501066098081 0.215625
