9 0.62890625 0.7444196428571428 0.1203125 0.22544642857142855
9 0.5328125 0.4308035714285714 0.11875000000000001 0.20535714285714285
9 0.7507812500000001 0.4419642857142857 0.06406250000000001 0.13392857142857142
9 0.43984375000000003 0.29575892857142855 0.0546875 0.11383928571428571
9 0.043750000000000004 0.7477678571428571 0.05625 0.13392857142857142
9 0.17265625 0.49441964285714285 0.0546875 0.10491071428571427
9 0.27187500000000003 0.2544642857142857 0.028125 0.026785714285714284
9 0.19609375 0.7901785714285714 0.0671875 0.16517857142857142
9 0.9453125 0.10267857142857142 0.096875 0.20535714285714285
9 0.534375 0.4107142857142857 0.05 0.125
9 0.49609375 0.18638392857142855 0.09843750000000001 0.18526785714285712
9 0.2921875 0.3638392857142857 0.10312500000000001 0.21428571428571427
