8 0.8403361344537815 0.24140625000000002 0.11764705882352941 0.1265625
8 0.8634453781512604 0.625 0.07983193277310924 0.146875
8 0.6081932773109243 0.35781250000000003 0.10294117647058823 0.146875
8 0.17542016806722688 0.46796875000000004 0.10714285714285714 0.15781250000000002
8 0.36554621848739494 0.6937500000000001 0.06722689075630252 0.09375
8 0.2773109243697479 0.26484375 0.10084033613445378 0.23593750000000002
8 0.2468487394957983 0.8390625 0.0861344537815126 0.20625000000000002
8 0.9065126050420168 0.56640625 0.12815126050420167 0.13593750000000002
8 0.1722689075630252 0.6203125 0.10084033613445378 0.15625
8 0.7405462184873949 0.609375 0.0819327731092437 0.146875
