9 0.11953125 0.40893470790378006 0.0734375 0.09621993127147765
9 0.60859375 0.47508591065292094 0.1640625 0.15979381443298968
9 0.7953125000000001 0.4458762886597938 0.153125 0.23539518900343642
9 0.6156250000000001 0.35652920962199314 0.1 0.1563573883161512
9 0.43984375000000003 0.7938144329896907 0.1203125 0.15120274914089346
9 0.4703125 0.6941580756013745 0.10625000000000001 0.17525773195876287
9 0.146875 0.8711340206185567 0.12812500000000002 0.16494845360824742
9 0.37031250000000004 0.48711340206185566 0.08750000000000001 0.13573883161512026
9 0.8757812500000001 0.10481099656357389 0.060937500000000006 0.10652920962199312
9 0.0765625 0.3049828178694158 0.07500000000000001 0.11512027491408934
9 0.25859375 0.16494845360824742 0.1296875 0.21649484536082475
9 0.640625 0.627147766323024 0.17500000000000002 0.21649484536082475
