9 0.2792494481236203 0.33046875000000003 0.24503311258278146 0.1703125
9 0.8200883002207505 0.31484375000000003 0.10375275938189846 0.060937500000000006
9 0.271523178807947 0.465625 0.11479028697571744 0.06875
9 0.4470198675496689 0.19609375 0.17439293598233996 0.1015625
9 0.16666666666666666 0.3203125 0.09492273730684327 0.078125
9 0.1390728476821192 0.6039062500000001 0.1545253863134658 0.1078125
9 0.8333333333333334 0.08359375000000001 0.2141280353200883 0.1234375
9 0.3818984547461369 0.92109375 0.1545253863134658 0.1078125
9 0.8642384105960265 0.8054687500000001 0.16556291390728478 0.13593750000000002
9 0.37637969094922735 0.15859375 0.16556291390728478 0.09531250000000001
9 0.8741721854304636 0.1640625 0.12362030905077262 0.07500000000000001
9 0.8355408388520972 0.053125000000000006 0.1434878587196468 0.084375
