8 0.08046875 0.48303167420814486 0.060937500000000006 0.1742081447963801
8 0.31875000000000003 0.6233031674208145 0.078125 0.165158371040724
8 0.878125 0.5033936651583711 0.05625 0.2149321266968326
8 0.92109375 0.6334841628959277 0.026562500000000003 0.10407239819004525
8 0.82421875 0.6425339366515838 0.0484375 0.15384615384615385
8 0.69921875 0.10633484162895929 0.0328125 0.09502262443438915
8 0.73828125 0.660633484162896 0.0734375 0.14479638009049775
8 0.5421875 0.6527149321266968 0.10625000000000001 0.19230769230769232
8 0.6796875 0.8054298642533937 0.14375000000000002 0.19457013574660637
8 0.060937500000000006 0.2726244343891403 0.0625 0.11538461538461539
8 0.71875 0.44230769230769235 0.07187500000000001 0.2239819004524887
8 0.4921875 0.6266968325791856 0.034375 0.20361990950226247
