8 0.3671875 0.44226579520697173 0.059375000000000004 0.10457516339869283
8 0.2234375 0.1851851851851852 0.037500000000000006 0.21350762527233116
8 0.54296875 0.7570806100217866 0.0578125 0.15468409586056647
8 0.52265625 0.4368191721132898 0.0328125 0.09368191721132899
8 0.55703125 0.8278867102396515 0.0421875 0.23529411764705885
8 0.50703125 0.766884531590414 0.0546875 0.10457516339869283
8 0.7937500000000001 0.3769063180827887 0.18125000000000002 0.23529411764705885
8 0.1234375 0.6492374727668846 0.040625 0.1655773420479303
8 0.92734375 0.6775599128540306 0.035937500000000004 0.14379084967320263
8 0.8125 0.2679738562091504 0.15625 0.20479302832244012
8 0.6843750000000001 0.9084967320261439 0.05 0.13507625272331156
8 0.24609375 0.23965141612200438 0.0328125 0.10457516339869283
