8 0.2694805194805195 0.62890625 0.20562770562770563 0.13593750000000002
8 0.05627705627705628 0.61875 0.09090909090909091 0.10625000000000001
8 0.5064935064935064 0.5390625 0.23376623376623376 0.15625
8 0.7976190476190477 0.7921875 0.08008658008658008 0.153125
8 0.6298701298701299 0.07187500000000001 0.04329004329004329 0.0625
8 0.6547619047619048 0.1390625 0.1406926406926407 0.146875
8 0.7088744588744589 0.9031250000000001 0.10606060606060606 0.146875
8 0.1331168831168831 0.35000000000000003 0.20995670995670995 0.215625
8 0.7608225108225108 0.23750000000000002 0.170995670995671 0.19687500000000002
8 0.698051948051948 0.06875 0.10173160173160173 0.10625000000000001
8 0.4069264069264069 0.153125 0.06493506493506493 0.115625
