8 0.60546875 0.1572769953051643 0.0734375 0.1643192488262911
8 0.75 0.4859154929577465 0.018750000000000003 0.10328638497652583
8 0.17734375000000002 0.3532863849765258 0.0234375 0.1431924882629108
8 0.7296875 0.3955399061032864 0.025 0.1431924882629108
8 0.4390625 0.4295774647887324 0.046875 0.24413145539906103
8 0.68515625 0.8509389671361502 0.035937500000000004 0.12441314553990611
8 0.35234375 0.1772300469483568 0.08281250000000001 0.17136150234741784
8 0.66015625 0.7265258215962441 0.0390625 0.2136150234741784
8 0.7375 0.46009389671361506 0.015625 0.056338028169014086
8 0.6937500000000001 0.24061032863849766 0.05625 0.19483568075117372
8 0.065625 0.8532863849765259 0.021875000000000002 0.12441314553990611
8 0.14453125 0.36032863849765256 0.0390625 0.2136150234741784
