8 0.3209745762711864 0.7976562500000001 0.08686440677966102 0.13593750000000002
8 0.7192796610169492 0.21250000000000002 0.07838983050847458 0.153125
8 0.5 0.0671875 0.08898305084745763 0.10625000000000001
8 0.6197033898305084 0.37421875000000004 0.1673728813559322 0.1765625
8 0.6197033898305084 0.13593750000000002 0.125 0.19687500000000002
8 0.940677966101695 0.9070312500000001 0.09745762711864407 0.13593750000000002
8 0.8559322033898306 0.6195312500000001 0.1483050847457627 0.2265625
8 0.4025423728813559 0.8640625000000001 0.1228813559322034 0.1625
8 0.4046610169491525 0.9140625 0.1016949152542373 0.15625
8 0.7235169491525424 0.7429687500000001 0.07415254237288135 0.1765625
