9 0.11953125 0.21052631578947367 0.1765625 0.23578947368421052
9 0.4375 0.3568421052631579 0.065625 0.11578947368421053
9 0.84765625 0.5 0.1265625 0.14526315789473684
9 0.39765625000000004 0.8084210526315789 0.1484375 0.16
9 0.25234375000000003 0.8294736842105263 0.1390625 0.18526315789473685
9 0.5796875 0.643157894736842 0.043750000000000004 0.12421052631578947
9 0.81796875 0.7536842105263157 0.0765625 0.21473684210526314
9 0.4390625 0.6989473684210527 0.09062500000000001 0.10526315789473684
9 0.4 0.1705263157894737 0.065625 0.18526315789473685
9 0.1875 0.6863157894736842 0.09375 0.10526315789473684
9 0.5375 0.8621052631578947 0.14375000000000002 0.22526315789473683
9 0.31640625 0.3631578947368421 0.2015625 0.22526315789473683
