9 0.27666666666666667 0.815625 0.18444444444444444 0.15000000000000002
9 0.7122222222222222 0.3359375 0.21555555555555556 0.125
9 0.5933333333333334 0.453125 0.19555555555555557 0.1125
9 0.6055555555555555 0.7140625 0.14444444444444443 0.1
9 0.6544444444444445 0.8406250000000001 0.14444444444444443 0.11875000000000001
9 0.3244444444444444 0.46171875 0.12444444444444444 0.0859375
9 0.5566666666666666 0.32890625 0.10444444444444445 0.060937500000000006
9 0.3988888888888889 0.5164062500000001 0.10444444444444445 0.0859375
9 0.43444444444444447 0.6976562500000001 0.17555555555555555 0.1421875
9 0.20666666666666667 0.39453125 0.12444444444444444 0.0859375
9 0.1288888888888889 0.1046875 0.23555555555555555 0.140625
9 0.37444444444444447 0.6351562500000001 0.17555555555555555 0.1015625
