8 0.8859375 0.6421911421911422 0.037500000000000006 0.12354312354312354
8 0.46875 0.48717948717948717 0.07187500000000001 0.21445221445221446
8 0.171875 0.8286713286713286 0.028125 0.11421911421911422
8 0.15078125 0.20046620046620048 0.035937500000000004 0.10256410256410256
8 0.13515625 0.8275058275058275 0.0890625 0.20512820512820512
8 0.30546875 0.4324009324009324 0.0203125 0.08624708624708624
8 0.69296875 0.08041958041958042 0.0421875 0.14685314685314685
8 0.6671875 0.1864801864801865 0.043750000000000004 0.1445221445221445
8 0.296875 0.36946386946386944 0.05625 0.17482517482517482
8 0.71796875 0.7902097902097902 0.060937500000000006 0.1351981351981352
8 0.6843750000000001 0.26107226107226106 0.07187500000000001 0.20512820512820512
