9 0.1453125 0.6598712446351931 0.059375000000000004 0.1351931330472103
9 0.09765625 0.4645922746781116 0.0890625 0.19527896995708155
9 0.8445312500000001 0.11266094420600858 0.08281250000000001 0.1351931330472103
9 0.3984375 0.26716738197424894 0.12187500000000001 0.23390557939914164
9 0.17500000000000002 0.48175965665236054 0.109375 0.23390557939914164
9 0.65390625 0.26502145922746784 0.0671875 0.14377682403433475
9 0.5796875 0.8358369098712446 0.059375000000000004 0.11373390557939914
9 0.09375 0.6448497854077253 0.10625000000000001 0.16523605150214593
9 0.51796875 0.19527896995708155 0.06406250000000001 0.12446351931330472
9 0.85078125 0.723175965665236 0.1703125 0.2145922746781116
9 0.41015625 0.7263948497854077 0.11406250000000001 0.14377682403433475
