9 0.2 0.848993288590604 0.11875000000000001 0.14541387024608501
9 0.15234375 0.732662192393736 0.1171875 0.19463087248322147
9 0.8328125000000001 0.2751677852348993 0.15937500000000002 0.22371364653243847
9 0.29765625 0.1476510067114094 0.1046875 0.174496644295302
9 0.140625 0.5134228187919463 0.06875 0.11409395973154363
9 0.5046875000000001 0.15324384787472037 0.09375 0.11409395973154363
9 0.44296875 0.7673378076062639 0.11093750000000001 0.1342281879194631
9 0.16640625 0.587248322147651 0.051562500000000004 0.15436241610738255
9 0.8445312500000001 0.5190156599552572 0.0578125 0.174496644295302
9 0.42890625000000004 0.09731543624161074 0.0484375 0.14541387024608501
