9 0.8755760368663594 0.15859375 0.1889400921658986 0.2265625
9 0.7903225806451613 0.08750000000000001 0.18433179723502305 0.13125
9 0.07834101382488479 0.23593750000000002 0.1382488479262673 0.16562500000000002
9 0.16359447004608296 0.28984375 0.18433179723502305 0.1546875
9 0.08755760368663594 0.60078125 0.1336405529953917 0.1296875
9 0.5956221198156681 0.515625 0.16359447004608296 0.15000000000000002
9 0.5426267281105991 0.66171875 0.14516129032258066 0.1390625
9 0.8663594470046083 0.6414062500000001 0.20276497695852536 0.1453125
9 0.7638248847926268 0.39375000000000004 0.16359447004608296 0.1375
9 0.423963133640553 0.6468750000000001 0.0967741935483871 0.115625
9 0.7811059907834101 0.7054687500000001 0.18433179723502305 0.1765625
