8 0.64609375 0.6345794392523365 0.0390625 0.1252336448598131
8 0.5750000000000001 0.2074766355140187 0.078125 0.205607476635514
8 0.5890625 0.585981308411215 0.053125000000000006 0.1252336448598131
8 0.84375 0.4822429906542056 0.11875000000000001 0.205607476635514
8 0.42031250000000003 0.3336448598130841 0.08125 0.24485981308411217
8 0.33203125 0.7242990654205608 0.1234375 0.18504672897196262
8 0.11484375000000001 0.11682242990654206 0.09531250000000001 0.15514018691588785
8 0.27109375 0.41028037383177574 0.0703125 0.1252336448598131
8 0.640625 0.8018691588785047 0.053125000000000006 0.16448598130841122
8 0.17578125 0.40186915887850466 0.2109375 0.2355140186915888
8 0.36328125 0.37570093457943926 0.09843750000000001 0.2355140186915888
8 0.7828125 0.1616822429906542 0.1125 0.19626168224299068
