8 0.883668903803132 0.534375 0.1342281879194631 0.08750000000000001
8 0.785234899328859 0.89609375 0.18344519015659955 0.1203125
8 0.12751677852348994 0.11171875 0.1342281879194631 0.1265625
8 0.7427293064876958 0.74140625 0.21476510067114093 0.1859375
8 0.6129753914988815 0.2 0.053691275167785234 0.125
8 0.610738255033557 0.1171875 0.06263982102908278 0.115625
8 0.10514541387024608 0.22109375 0.06711409395973154 0.1859375
8 0.4955257270693512 0.23984375000000002 0.12304250559284116 0.1265625
8 0.7527964205816554 0.2890625 0.13646532438478748 0.246875
8 0.587248322147651 0.79296875 0.19463087248322147 0.1265625
