9 0.14921875 0.40603248259860786 0.09531250000000001 0.21345707656612528
9 0.33906250000000004 0.28886310904872387 0.08750000000000001 0.19721577726218098
9 0.06015625 0.21577726218097448 0.08281250000000001 0.14385150812064965
9 0.76953125 0.3654292343387471 0.0765625 0.10440835266821345
9 0.59609375 0.35266821345707655 0.08281250000000001 0.13921113689095127
9 0.3671875 0.4930394431554524 0.1 0.22505800464037123
9 0.7781250000000001 0.18213457076566125 0.109375 0.24361948955916474
9 0.6125 0.48839907192575405 0.078125 0.18329466357308583
9 0.796875 0.7645011600928074 0.109375 0.18329466357308583
9 0.4859375 0.314385150812065 0.08125 0.18329466357308583
