9 0.6092342342342343 0.696875 0.20495495495495494 0.178125
9 0.38175675675675674 0.36171875000000003 0.1509009009009009 0.11406250000000001
9 0.5867117117117117 0.5625 0.11486486486486486 0.096875
9 0.2725225225225225 0.36796875 0.14414414414414414 0.1296875
9 0.33445945945945943 0.4375 0.17342342342342343 0.15000000000000002
9 0.14414414414414414 0.44609375 0.14414414414414414 0.1265625
9 0.5540540540540541 0.2265625 0.19369369369369369 0.22812500000000002
9 0.8119369369369369 0.6414062500000001 0.24549549549549549 0.2109375
9 0.7882882882882882 0.2578125 0.0945945945945946 0.115625
9 0.3581081081081081 0.13671875 0.23423423423423423 0.18906250000000002
9 0.393018018018018 0.24140625000000002 0.20495495495495494 0.1765625
