9 0.21796875000000002 0.5276752767527675 0.2171875 0.23616236162361623
9 0.44375000000000003 0.4870848708487085 0.053125000000000006 0.09594095940959409
9 0.29531250000000003 0.6300738007380073 0.08750000000000001 0.17527675276752766
9 0.25703125 0.6374538745387454 0.0578125 0.1051660516605166
9 0.40234375 0.7084870848708487 0.1765625 0.23616236162361623
9 0.5320312500000001 0.7564575645756457 0.1234375 0.18081180811808117
9 0.921875 0.6743542435424354 0.115625 0.2047970479704797
9 0.7976562500000001 0.4621771217712177 0.1015625 0.13468634686346864
9 0.42734375 0.26199261992619927 0.0703125 0.12546125461254612
9 0.5281250000000001 0.9132841328413284 0.125 0.16605166051660517
9 0.7742187500000001 0.30719557195571956 0.0734375 0.13468634686346864
