8 0.6492187500000001 0.44230769230769235 0.1265625 0.10180995475113123
8 0.33125000000000004 0.5961538461538463 0.115625 0.09276018099547512
8 0.36171875000000003 0.4457013574660634 0.026562500000000003 0.14479638009049775
8 0.41171875 0.7805429864253395 0.1859375 0.14932126696832582
8 0.48671875000000003 0.7047511312217195 0.0703125 0.13348416289592763
8 0.8968750000000001 0.583710407239819 0.037500000000000006 0.0904977375565611
8 0.9046875000000001 0.4536199095022625 0.059375000000000004 0.20135746606334842
8 0.325 0.8450226244343892 0.10625000000000001 0.08371040723981901
8 0.9359375000000001 0.8450226244343892 0.03125 0.2149321266968326
8 0.34453125 0.7319004524886878 0.0171875 0.12443438914027151
8 0.59609375 0.7217194570135748 0.0328125 0.14479638009049775
