9 0.7210937500000001 0.22310405643738976 0.1171875 0.14638447971781304
9 0.6117187500000001 0.25837742504409167 0.1296875 0.2204585537918871
9 0.096875 0.8377425044091711 0.07500000000000001 0.10582010582010581
9 0.9078125 0.3262786596119929 0.15625 0.21516754850088182
9 0.18281250000000002 0.24603174603174602 0.16562500000000002 0.19576719576719576
9 0.30312500000000003 0.8641975308641975 0.12812500000000002 0.1763668430335097
9 0.6546875000000001 0.31481481481481477 0.1375 0.19576719576719576
9 0.8921875 0.6437389770723103 0.109375 0.1657848324514991
9 0.846875 0.6992945326278659 0.10312500000000001 0.14638447971781304
9 0.57734375 0.43033509700176364 0.0578125 0.1164021164021164
