8 0.65 0.5540838852097131 0.178125 0.23399558498896247
8 0.3171875 0.2560706401766004 0.096875 0.18543046357615894
8 0.4390625 0.26490066225165565 0.09375 0.1456953642384106
8 0.2578125 0.8896247240618101 0.05625 0.1545253863134658
8 0.14296875 0.1346578366445916 0.0734375 0.2251655629139073
8 0.08671875000000001 0.8410596026490066 0.0890625 0.19426048565121412
8 0.66328125 0.4613686534216336 0.08281250000000001 0.2251655629139073
8 0.31328125 0.37858719646799116 0.09843750000000001 0.2141280353200883
8 0.45078125 0.1357615894039735 0.0765625 0.1346578366445916
8 0.9203125000000001 0.8896247240618101 0.07500000000000001 0.1545253863134658
8 0.38125000000000003 0.12251655629139073 0.05 0.10375275938189846
8 0.49296875 0.7152317880794702 0.1171875 0.1545253863134658
