8 0.0671875 0.735763097949886 0.06875 0.21412300683371296
8 0.22109375 0.8656036446469247 0.09843750000000001 0.20501138952164008
8 0.203125 0.3200455580865603 0.059375000000000004 0.12528473804100226
8 0.32890625 0.46810933940774485 0.0390625 0.18451025056947606
8 0.6101562500000001 0.8849658314350797 0.0734375 0.18451025056947606
8 0.540625 0.2471526195899772 0.07500000000000001 0.23462414578587698
8 0.5953125 0.7699316628701595 0.05 0.10478359908883826
8 0.0328125 0.7129840546697038 0.053125000000000006 0.16400911161731208
8 0.24375000000000002 0.8656036446469247 0.03125 0.15489749430523916
8 0.36015625 0.8804100227790432 0.0546875 0.19362186788154898
