9 0.6043478260869565 0.4296875 0.16521739130434782 0.096875
9 0.12282608695652174 0.8460937500000001 0.12391304347826088 0.0765625
9 0.32282608695652176 0.4734375 0.06304347826086956 0.08125
9 0.16956521739130434 0.209375 0.10434782608695653 0.06875
9 0.13152173913043477 0.28828125 0.22391304347826088 0.1015625
9 0.34891304347826085 0.40390625 0.11521739130434783 0.0671875
9 0.11304347826086956 0.2421875 0.1956521739130435 0.11875000000000001
9 0.8260869565217391 0.44062500000000004 0.10434782608695653 0.08750000000000001
9 0.816304347826087 0.8914062500000001 0.11521739130434783 0.09531250000000001
9 0.4 0.1328125 0.1956521739130435 0.1625
9 0.20978260869565218 0.09609375 0.12391304347826088 0.0765625
9 0.5793478260869566 0.603125 0.15434782608695652 0.109375
