8 0.3296875 0.31648351648351647 0.096875 0.18461538461538463
8 0.8125 0.24945054945054945 0.07500000000000001 0.16483516483516483
8 0.40546875000000004 0.2571428571428571 0.0234375 0.14505494505494507
8 0.8546875 0.5978021978021978 0.10312500000000001 0.22417582417582418
8 0.14453125 0.4978021978021978 0.045312500000000006 0.12527472527472527
8 0.4 0.6725274725274726 0.12187500000000001 0.2153846153846154
8 0.140625 0.35714285714285715 0.13125 0.17362637362637362
8 0.321875 0.5043956043956044 0.05625 0.2043956043956044
8 0.8125 0.3 0.08125 0.24395604395604395
8 0.060937500000000006 0.3945054945054945 0.059375000000000004 0.16483516483516483
