8 0.21796875000000002 0.7052631578947368 0.0421875 0.24
8 0.45703125 0.4263157894736842 0.0484375 0.22526315789473683
8 0.17578125 0.48736842105263156 0.045312500000000006 0.22526315789473683
8 0.2828125 0.2536842105263158 0.07187500000000001 0.14526315789473684
8 0.4921875 0.9063157894736842 0.018750000000000003 0.09473684210526316
8 0.49140625000000004 0.42 0.0421875 0.1957894736842105
8 0.67890625 0.3094736842105263 0.0421875 0.21473684210526314
8 0.37890625 0.10526315789473684 0.035937500000000004 0.18526315789473685
8 0.80234375 0.6252631578947369 0.0703125 0.21473684210526314
8 0.8171875000000001 0.3873684210526316 0.03125 0.16421052631578947
8 0.43828125 0.26210526315789473 0.045312500000000006 0.22526315789473683
