9 0.31484375000000003 0.6897880539499036 0.08281250000000001 0.11560693641618497
9 0.30546875 0.8545279383429673 0.07968750000000001 0.15606936416184972
9 0.03828125 0.3092485549132948 0.0703125 0.1252408477842004
9 0.8953125000000001 0.1955684007707129 0.10625000000000001 0.15606936416184972
9 0.4546875 0.7639691714836223 0.09375 0.10597302504816955
9 0.7117187500000001 0.6223506743737958 0.1265625 0.2350674373795761
9 0.55703125 0.15703275529865124 0.0890625 0.15606936416184972
9 0.57265625 0.5202312138728323 0.11406250000000001 0.16570327552986513
9 0.75703125 0.3670520231213873 0.1171875 0.2254335260115607
9 0.44843750000000004 0.4884393063583815 0.115625 0.17533718689788053
9 0.40703125 0.4845857418111753 0.0578125 0.10597302504816955
