9 0.18984375 0.9056074766355141 0.051562500000000004 0.09532710280373832
9 0.4453125 0.8364485981308412 0.140625 0.15514018691588785
9 0.07500000000000001 0.5766355140186916 0.065625 0.1252336448598131
9 0.07265625 0.40560747663551405 0.0859375 0.14205607476635515
9 0.5359375000000001 0.7467289719626169 0.12812500000000002 0.21495327102803738
9 0.58046875 0.4261682242990654 0.060937500000000006 0.10467289719626169
9 0.0625 0.34392523364485983 0.05625 0.10467289719626169
9 0.13828125 0.08785046728971962 0.1046875 0.11588785046728972
9 0.28203125 0.3252336448598131 0.0578125 0.10467289719626169
9 0.446875 0.8598130841121495 0.07500000000000001 0.10467289719626169
9 0.83515625 0.594392523364486 0.060937500000000006 0.11588785046728972
