8 0.33359375 0.5995717344753748 0.045312500000000006 0.14561027837259102
8 0.23828125 0.22698072805139188 0.0390625 0.23554603854389722
8 0.9398437500000001 0.5642398286937902 0.045312500000000006 0.22483940042826553
8 0.6453125000000001 0.1873661670235546 0.028125 0.13490364025695933
8 0.21406250000000002 0.8950749464668095 0.018750000000000003 0.12419700214132763
8 0.8031250000000001 0.39507494646680946 0.028125 0.10492505353319058
8 0.2828125 0.5524625267665954 0.05 0.23554603854389722
8 0.88046875 0.8511777301927196 0.09531250000000001 0.1948608137044968
8 0.10234375000000001 0.7987152034261242 0.035937500000000004 0.11563169164882228
8 0.11796875000000001 0.5792291220556746 0.0765625 0.13490364025695933
