8 0.61784140969163 0.5640625 0.04625550660792952 0.15625
8 0.578193832599119 0.55 0.05506607929515419 0.146875
8 0.4834801762114538 0.525 0.19603524229074892 0.20625000000000002
8 0.1156387665198238 0.20703125 0.09030837004405287 0.23593750000000002
8 0.9658590308370045 0.078125 0.05506607929515419 0.146875
8 0.05837004405286344 0.27109375 0.07268722466960353 0.1859375
8 0.27422907488986786 0.7859375000000001 0.13436123348017623 0.215625
8 0.27973568281938327 0.6140625000000001 0.1497797356828194 0.15625
8 0.28744493392070486 0.48984375 0.07268722466960353 0.2265625
8 0.053964757709251104 0.640625 0.0814977973568282 0.19687500000000002
8 0.4812775330396476 0.34453125 0.09911894273127754 0.23593750000000002
8 0.7026431718061674 0.390625 0.08370044052863437 0.215625
