9 0.4178403755868545 0.37734375000000003 0.1784037558685446 0.1859375
9 0.28169014084507044 0.584375 0.10328638497652583 0.08750000000000001
9 0.7828638497652582 0.13203125000000002 0.12441314553990611 0.0859375
9 0.5363849765258216 0.85859375 0.13380281690140847 0.1265625
9 0.7488262910798122 0.46875 0.10328638497652583 0.07187500000000001
9 0.09624413145539906 0.44296875 0.1643192488262911 0.1421875
9 0.47769953051643194 0.31953125000000004 0.12441314553990611 0.1015625
9 0.6384976525821596 0.11093750000000001 0.10328638497652583 0.08750000000000001
9 0.2863849765258216 0.41250000000000003 0.24413145539906103 0.21875
9 0.5 0.17578125 0.24413145539906103 0.20468750000000002
