9 0.6195312500000001 0.29316888045540795 0.0765625 0.19544592030360533
9 0.7453125 0.26565464895635676 0.059375000000000004 0.12144212523719165
9 0.5375 0.4639468690702087 0.096875 0.24478178368121442
9 0.253125 0.17362428842504743 0.07500000000000001 0.1347248576850095
9 0.4109375 0.7201138519924098 0.12187500000000001 0.19544592030360533
9 0.446875 0.8662239089184061 0.059375000000000004 0.10436432637571158
9 0.88203125 0.3946869070208729 0.1328125 0.23529411764705882
9 0.73203125 0.6726755218216319 0.051562500000000004 0.1347248576850095
9 0.753125 0.14800759013282733 0.059375000000000004 0.1252371916508539
9 0.284375 0.6252371916508539 0.12812500000000002 0.22580645161290322
