8 0.31015625 0.6348195329087049 0.010937500000000001 0.12738853503184713
8 0.80078125 0.3036093418259023 0.11406250000000001 0.14437367303609341
8 0.9007812500000001 0.49469214437367304 0.1546875 0.19532908704883226
8 0.30312500000000003 0.5976645435244161 0.19375 0.24416135881104034
8 0.85703125 0.7080679405520169 0.1234375 0.24416135881104034
8 0.33906250000000004 0.10509554140127389 0.09062500000000001 0.1040339702760085
8 0.85703125 0.42356687898089174 0.0390625 0.11677282377919321
8 0.45859375 0.7335456475583864 0.0234375 0.1337579617834395
8 0.17578125 0.9320594479830149 0.0203125 0.11464968152866242
8 0.35468750000000004 0.07855626326963906 0.037500000000000006 0.14437367303609341
8 0.14453125 0.6242038216560509 0.1296875 0.16560509554140126
8 0.6023437500000001 0.7208067940552016 0.0484375 0.1337579617834395
