9 0.890063424947146 0.5046875000000001 0.13530655391120508 0.08125
9 0.5887949260042283 0.6703125000000001 0.09513742071881608 0.06875
9 0.1849894291754757 0.2671875 0.10782241014799154 0.16562500000000002
9 0.6162790697674418 0.125 0.12473572938689219 0.09062500000000001
9 0.27906976744186046 0.77734375 0.22410147991543342 0.1484375
9 0.47885835095137425 0.23750000000000002 0.1839323467230444 0.134375
9 0.861522198731501 0.33359375 0.0824524312896406 0.1265625
9 0.0718816067653277 0.7835937500000001 0.11416490486257928 0.08281250000000001
9 0.27061310782241016 0.6257812500000001 0.22410147991543342 0.1921875
9 0.2367864693446089 0.47968750000000004 0.1437632135306554 0.09062500000000001
9 0.33403805496828753 0.353125 0.1649048625792812 0.1
9 0.5137420718816068 0.5 0.22410147991543342 0.140625
