9 0.10022522522522523 0.7507812500000001 0.10135135135135136 0.1421875
9 0.7905405405405406 0.08046875 0.19369369369369369 0.11093750000000001
9 0.5461711711711712 0.42109375000000004 0.1554054054054054 0.1046875
9 0.47072072072072074 0.76484375 0.1036036036036036 0.060937500000000006
9 0.7545045045045045 0.51796875 0.14414414414414414 0.08281250000000001
9 0.11936936936936937 0.88671875 0.22522522522522523 0.1328125
9 0.5067567567567568 0.55 0.23423423423423423 0.15937500000000002
9 0.6722972972972973 0.2703125 0.1373873873873874 0.19687500000000002
9 0.30067567567567566 0.46875 0.17342342342342343 0.10312500000000001
9 0.7646396396396397 0.5375 0.1644144144144144 0.096875
9 0.8806306306306306 0.21015625000000002 0.13513513513513514 0.0921875
