8 0.08984375 0.7025171624713958 0.0921875 0.12356979405034325
8 0.62890625 0.22654462242562928 0.0484375 0.11441647597254005
8 0.8484375000000001 0.6990846681922197 0.08750000000000001 0.1853546910755149
8 0.2625 0.45080091533180777 0.025 0.12356979405034325
8 0.6414062500000001 0.868421052631579 0.0734375 0.15331807780320367
8 0.45156250000000003 0.5560640732265446 0.028125 0.10526315789473684
8 0.11015625000000001 0.551487414187643 0.08281250000000001 0.17391304347826086
8 0.19765625 0.30320366132723114 0.15156250000000002 0.2036613272311213
8 0.696875 0.8878718535469108 0.0625 0.17391304347826086
8 0.59609375 0.41189931350114417 0.08281250000000001 0.17391304347826086
8 0.8625 0.6864988558352403 0.028125 0.10526315789473684
