9 0.58984375 0.5538461538461539 0.0484375 0.11428571428571428
9 0.48281250000000003 0.15384615384615385 0.09062500000000001 0.15384615384615385
9 0.2078125 0.42747252747252745 0.12812500000000002 0.23516483516483516
9 0.39375000000000004 0.2945054945054945 0.109375 0.22417582417582418
9 0.32734375000000004 0.44945054945054946 0.051562500000000004 0.08131868131868132
9 0.7921875 0.3758241758241758 0.05 0.1054945054945055
9 0.20234375000000002 0.1912087912087912 0.060937500000000006 0.18461538461538463
9 0.6937500000000001 0.41208791208791207 0.05 0.12087912087912088
9 0.64375 0.3769230769230769 0.10312500000000001 0.24395604395604395
9 0.12812500000000002 0.7846153846153846 0.109375 0.18461538461538463
9 0.86484375 0.7835164835164835 0.0890625 0.16483516483516483
9 0.30390625000000004 0.5681318681318681 0.1203125 0.2043956043956044
