10 0.8601562500000001 0.4497607655502392 0.07968750000000001 0.12440191387559808
10 0.20859375000000002 0.5023923444976076 0.060937500000000006 0.1339712918660287
10 0.8484375000000001 0.27870813397129185 0.12187500000000001 0.19377990430622008
10 0.62265625 0.3504784688995215 0.0703125 0.13636363636363635
10 0.49921875000000004 0.8014354066985646 0.17343750000000002 0.2248803827751196
10 0.6195312500000001 0.27990430622009566 0.1078125 0.14354066985645933
10 0.7562500000000001 0.3062200956937799 0.1 0.1339712918660287
10 0.7445312500000001 0.3373205741626794 0.09531250000000001 0.12440191387559808
10 0.265625 0.6842105263157895 0.09062500000000001 0.14354066985645933
10 0.5476562500000001 0.45454545454545453 0.1453125 0.23444976076555024
10 0.47578125000000004 0.7320574162679425 0.0859375 0.11483253588516745
