10 0.4988938053097345 0.6578125 0.1747787610619469 0.16562500000000002
10 0.2643805309734513 0.49531250000000004 0.1836283185840708 0.17500000000000002
10 0.25995575221238937 0.53671875 0.24557522123893805 0.1234375
10 0.6991150442477876 0.9 0.12389380530973451 0.11875000000000001
10 0.7986725663716814 0.09140625000000001 0.11504424778761062 0.1015625
10 0.8716814159292036 0.31171875000000004 0.20353982300884954 0.1953125
10 0.4756637168141593 0.79453125 0.11504424778761062 0.1015625
10 0.7201327433628318 0.56484375 0.1747787610619469 0.16718750000000002
10 0.7577433628318584 0.5859375 0.1836283185840708 0.12812500000000002
10 0.5696902654867256 0.45703125 0.1747787610619469 0.16718750000000002
10 0.7975663716814159 0.76875 0.10398230088495575 0.07187500000000001
