10 0.7171875000000001 0.5021052631578947 0.096875 0.11578947368421053
10 0.240625 0.20526315789473684 0.07500000000000001 0.12421052631578947
10 0.53828125 0.18105263157894735 0.0140625 0.08421052631578947
10 0.13984375000000002 0.2431578947368421 0.1796875 0.20421052631578948
10 0.18046875 0.8368421052631578 0.0734375 0.14526315789473684
10 0.5632812500000001 0.5473684210526316 0.15156250000000002 0.21473684210526314
10 0.4578125 0.18736842105263157 0.15625 0.21473684210526314
10 0.24453125 0.40736842105263155 0.1546875 0.22526315789473683
10 0.1078125 0.8547368421052631 0.07500000000000001 0.13473684210526315
10 0.10390625 0.7010526315789474 0.1390625 0.21473684210526314
10 0.63984375 0.2631578947368421 0.0671875 0.10526315789473684
10 0.1421875 0.40842105263157896 0.08125 0.15578947368421053
