10 0.34675615212527966 0.54609375 0.12527964205816555 0.11406250000000001
10 0.6599552572706935 0.83125 0.22371364653243847 0.146875
10 0.26174496644295303 0.36171875000000003 0.17002237136465323 0.1453125
10 0.12080536912751677 0.51875 0.22371364653243847 0.16875
10 0.22930648769574943 0.0859375 0.14541387024608501 0.1
10 0.45749440715883666 0.19765625 0.1319910514541387 0.13593750000000002
10 0.40268456375838924 0.6960937500000001 0.174496644295302 0.11406250000000001
10 0.13534675615212527 0.41796875 0.203579418344519 0.1921875
10 0.4272930648769575 0.5546875 0.1342281879194631 0.1125
10 0.9026845637583892 0.35625 0.10514541387024608 0.06875
10 0.4753914988814318 0.47500000000000003 0.19463087248322147 0.12812500000000002
