10 0.14035087719298245 0.49609375 0.14473684210526316 0.0859375
10 0.5767543859649122 0.08750000000000001 0.22368421052631576 0.134375
10 0.6864035087719298 0.88984375 0.11403508771929824 0.08281250000000001
10 0.2708333333333333 0.4578125 0.1513157894736842 0.12187500000000001
10 0.1918859649122807 0.8718750000000001 0.20394736842105263 0.16562500000000002
10 0.5668859649122807 0.7914062500000001 0.20394736842105263 0.1234375
10 0.8717105263157894 0.3796875 0.1644736842105263 0.16562500000000002
10 0.3991228070175438 0.253125 0.10526315789473684 0.078125
10 0.4714912280701754 0.47187500000000004 0.06578947368421052 0.05
10 0.8651315789473684 0.8148437500000001 0.23464912280701752 0.1703125
10 0.3925438596491228 0.44921875 0.22368421052631576 0.2265625
