10 0.4307511737089202 0.7937500000000001 0.2136150234741784 0.184375
10 0.4424882629107981 0.19375 0.12441314553990611 0.08125
10 0.7394366197183099 0.57421875 0.10328638497652583 0.0671875
10 0.5269953051643192 0.275 0.12441314553990611 0.08125
10 0.7922535211267606 0.240625 0.1056338028169014 0.09375
10 0.41901408450704225 0.10859375 0.2136150234741784 0.1078125
10 0.6795774647887324 0.7625000000000001 0.22300469483568075 0.1875
10 0.721830985915493 0.1859375 0.2136150234741784 0.178125
10 0.14906103286384978 0.27109375 0.1431924882629108 0.1296875
10 0.46830985915492956 0.46718750000000003 0.11502347417840376 0.07500000000000001
