10 0.359375 0.8219954648526078 0.08750000000000001 0.13378684807256236
10 0.16640625 0.6496598639455783 0.1203125 0.17006802721088435
10 0.19765625 0.7233560090702948 0.1046875 0.163265306122449
10 0.8421875000000001 0.19387755102040816 0.15937500000000002 0.23356009070294786
10 0.9304687500000001 0.36961451247165533 0.1234375 0.24489795918367346
10 0.55078125 0.41156462585034015 0.0671875 0.13378684807256236
10 0.153125 0.1927437641723356 0.065625 0.09523809523809525
10 0.446875 0.12018140589569161 0.13125 0.20408163265306123
10 0.2609375 0.5045351473922902 0.15000000000000002 0.22448979591836735
10 0.0890625 0.9206349206349207 0.07187500000000001 0.14512471655328799
