10 0.8390191897654584 0.7507812500000001 0.19402985074626866 0.1015625
10 0.5127931769722814 0.7406250000000001 0.1044776119402985 0.1
10 0.2537313432835821 0.6804687500000001 0.2046908315565032 0.2015625
10 0.7046908315565031 0.115625 0.22388059701492538 0.21250000000000002
10 0.5767590618336886 0.5921875 0.22388059701492538 0.125
10 0.4115138592750533 0.8859375 0.2046908315565032 0.203125
10 0.638592750533049 0.6390625000000001 0.185501066098081 0.096875
10 0.22174840085287845 0.2078125 0.11513859275053305 0.109375
10 0.3752665245202559 0.1859375 0.11513859275053305 0.059375000000000004
10 0.7643923240938166 0.49765625 0.16417910447761194 0.1640625
