10 0.33064516129032256 0.734375 0.1543778801843318 0.109375
10 0.23732718894009217 0.09296875 0.1152073732718894 0.07968750000000001
10 0.9182027649769585 0.38593750000000004 0.0944700460829493 0.07187500000000001
10 0.44239631336405527 0.09765625 0.2350230414746544 0.1609375
10 0.1532258064516129 0.37812500000000004 0.16359447004608296 0.153125
10 0.9216589861751152 0.1171875 0.12442396313364056 0.09375
10 0.8271889400921659 0.58203125 0.18433179723502305 0.09531250000000001
10 0.5103686635944701 0.5750000000000001 0.14516129032258066 0.109375
10 0.6774193548387096 0.49140625000000004 0.10138248847926268 0.0734375
10 0.4251152073732719 0.78671875 0.16359447004608296 0.1203125
10 0.8237327188940092 0.50234375 0.20506912442396313 0.1484375
