10 0.2078125 0.63718820861678 0.08750000000000001 0.163265306122449
10 0.4890625 0.3344671201814059 0.134375 0.24263038548752835
10 0.296875 0.3775510204081633 0.19375 0.21541950113378686
10 0.7523437500000001 0.8333333333333334 0.09531250000000001 0.17460317460317462
10 0.73203125 0.272108843537415 0.060937500000000006 0.11337868480725624
10 0.5007812500000001 0.7369614512471655 0.0734375 0.10430839002267574
10 0.6640625 0.34920634920634924 0.115625 0.163265306122449
10 0.08984375 0.8764172335600907 0.11406250000000001 0.22448979591836735
10 0.31328125 0.23696145124716553 0.0890625 0.17460317460317462
10 0.65625 0.09183673469387756 0.09375 0.1836734693877551
10 0.56484375 0.11337868480725624 0.0734375 0.10430839002267574
10 0.51953125 0.5022675736961452 0.2015625 0.22448979591836735
