10 0.16171875000000002 0.7317351598173516 0.0921875 0.18493150684931506
10 0.10234375000000001 0.204337899543379 0.1171875 0.23515981735159816
10 0.6195312500000001 0.7831050228310502 0.20468750000000002 0.2146118721461187
10 0.3015625 0.1267123287671233 0.05 0.09360730593607305
10 0.38359375 0.5011415525114155 0.2234375 0.23515981735159816
10 0.55703125 0.6027397260273972 0.0671875 0.1232876712328767
10 0.1234375 0.3961187214611872 0.10625000000000001 0.19406392694063926
10 0.12187500000000001 0.21575342465753422 0.1375 0.14383561643835616
10 0.9109375000000001 0.8230593607305936 0.046875 0.09360730593607305
10 0.2421875 0.3550228310502283 0.065625 0.09360730593607305
