10 0.8406250000000001 0.383442265795207 0.096875 0.1655773420479303
10 0.55390625 0.5108932461873639 0.08281250000000001 0.10239651416122006
10 0.56484375 0.4575163398692811 0.0703125 0.13507625272331156
10 0.69921875 0.23747276688453162 0.060937500000000006 0.13507625272331156
10 0.59140625 0.8529411764705883 0.1078125 0.23311546840958608
10 0.54453125 0.7309368191721134 0.1078125 0.15468409586056647
10 0.30312500000000003 0.16993464052287582 0.15625 0.23529411764705885
10 0.9007812500000001 0.37472766884531594 0.060937500000000006 0.13507625272331156
10 0.51328125 0.25490196078431376 0.1765625 0.24400871459694992
10 0.6171875 0.42701525054466233 0.08750000000000001 0.14379084967320263
10 0.3171875 0.8300653594771242 0.08750000000000001 0.14379084967320263
10 0.71484375 0.5043572984749456 0.13593750000000002 0.19389978213507628
