10 0.5247747747747747 0.47734375 0.22522522522522523 0.21406250000000002
10 0.12162162162162161 0.9070312500000001 0.22072072072072071 0.1609375
10 0.7826576576576576 0.91171875 0.09684684684684684 0.1171875
10 0.3018018018018018 0.096875 0.22522522522522523 0.153125
10 0.8648648648648649 0.915625 0.18468468468468469 0.125
10 0.7274774774774775 0.2421875 0.23423423423423423 0.21875
10 0.4313063063063063 0.51484375 0.12387387387387387 0.0859375
10 0.18130630630630631 0.48046875 0.21396396396396397 0.1484375
10 0.4358108108108108 0.7203125 0.12387387387387387 0.11875000000000001
10 0.14301801801801803 0.30000000000000004 0.1554054054054054 0.140625
10 0.1373873873873874 0.8078125 0.22522522522522523 0.153125
