10 0.825 0.77734375 0.12391304347826088 0.0765625
10 0.7434782608695653 0.6414062500000001 0.10434782608695653 0.0890625
10 0.8347826086956522 0.06406250000000001 0.10434782608695653 0.08125
10 0.21195652173913043 0.72421875 0.20217391304347826 0.2265625
10 0.8173913043478261 0.8367187500000001 0.10434782608695653 0.0765625
10 0.4043478260869565 0.90390625 0.20434782608695654 0.15781250000000002
10 0.33260869565217394 0.140625 0.1956521739130435 0.14375000000000002
10 0.9304347826086956 0.3375 0.09565217391304348 0.07500000000000001
10 0.15 0.38203125000000004 0.23478260869565218 0.22968750000000002
10 0.45543478260869563 0.75390625 0.11521739130434783 0.0859375
