10 0.31875000000000003 0.47790697674418603 0.08125 0.1
10 0.21796875000000002 0.34069767441860466 0.0859375 0.12325581395348836
10 0.1375 0.2255813953488372 0.10625000000000001 0.21395348837209302
10 0.3953125 0.7255813953488373 0.10312500000000001 0.19534883720930232
10 0.6953125 0.622093023255814 0.12187500000000001 0.1930232558139535
10 0.31953125000000004 0.5790697674418605 0.0765625 0.14418604651162792
10 0.3125 0.3383720930232558 0.13125 0.2441860465116279
10 0.71640625 0.5081395348837209 0.1265625 0.2441860465116279
10 0.75703125 0.8709302325581395 0.1609375 0.23488372093023255
10 0.2265625 0.2709302325581395 0.08125 0.16511627906976745
10 0.91796875 0.37906976744186044 0.0921875 0.13488372093023254
