10 0.8151260504201681 0.18828125 0.10504201680672269 0.07968750000000001
10 0.2226890756302521 0.8757812500000001 0.23529411764705882 0.1765625
10 0.45588235294117646 0.45859375 0.13025210084033612 0.1078125
10 0.37710084033613445 0.09765625 0.12394957983193276 0.11093750000000001
10 0.5640756302521008 0.54296875 0.20378151260504201 0.23593750000000002
10 0.5871848739495799 0.7507812500000001 0.20378151260504201 0.1640625
10 0.45483193277310924 0.21328125 0.1449579831932773 0.1203125
10 0.6722689075630252 0.31015625 0.1638655462184874 0.1234375
10 0.76890756302521 0.80625 0.10504201680672269 0.07500000000000001
10 0.8130252100840336 0.6882812500000001 0.23529411764705882 0.1796875
10 0.8413865546218487 0.47187500000000004 0.17436974789915966 0.13125
