10 0.33783783783783783 0.58359375 0.1036036036036036 0.07968750000000001
10 0.14301801801801803 0.46484375 0.12387387387387387 0.1171875
10 0.8412162162162162 0.1296875 0.1644144144144144 0.14375000000000002
10 0.7353603603603603 0.84140625 0.24549549549549549 0.22031250000000002
10 0.07432432432432433 0.40156250000000004 0.14414414414414414 0.09375
10 0.9099099099099099 0.36484375 0.14414414414414414 0.09843750000000001
10 0.6463963963963963 0.9234375 0.1036036036036036 0.08125
10 0.3502252252252252 0.47890625000000003 0.19594594594594594 0.1390625
10 0.47184684684684686 0.50390625 0.17342342342342343 0.1203125
10 0.7150900900900901 0.74609375 0.11486486486486486 0.1046875
