10 0.21809744779582366 0.89375 0.1531322505800464 0.109375
10 0.7911832946635731 0.7515625 0.20417633410672853 0.1375
10 0.4976798143851508 0.7171875000000001 0.18329466357308583 0.109375
10 0.5812064965197216 0.46953125 0.23433874709976799 0.1609375
10 0.7691415313225057 0.64375 0.22505800464037123 0.16562500000000002
10 0.7587006960556845 0.53359375 0.1345707656612529 0.07968750000000001
10 0.19373549883990718 0.48359375000000004 0.22505800464037123 0.21406250000000002
10 0.35730858468677495 0.3953125 0.1345707656612529 0.12812500000000002
10 0.2842227378190255 0.0703125 0.16473317865429232 0.115625
10 0.9408352668213457 0.3484375 0.10440835266821345 0.1
