10 0.53046875 0.7980349344978166 0.09531250000000001 0.12445414847161572
10 0.7359375 0.2794759825327511 0.05 0.10480349344978165
10 0.046875 0.14410480349344978 0.059375000000000004 0.09606986899563319
10 0.9242187500000001 0.8449781659388645 0.09843750000000001 0.14410480349344978
10 0.7359375 0.6670305676855894 0.140625 0.185589519650655
10 0.043750000000000004 0.2368995633187773 0.084375 0.12445414847161572
10 0.40703125 0.15611353711790393 0.1609375 0.22489082969432314
10 0.19062500000000002 0.5382096069868996 0.059375000000000004 0.09388646288209607
10 0.58828125 0.1277292576419214 0.06406250000000001 0.09388646288209607
10 0.38125000000000003 0.715065502183406 0.065625 0.12445414847161572
10 0.6664062500000001 0.881004366812227 0.0890625 0.16375545851528384
