10 0.6921875000000001 0.3452631578947368 0.134375 0.23578947368421052
10 0.240625 0.8894736842105263 0.037500000000000006 0.04
10 0.7765625 0.18947368421052632 0.065625 0.11368421052631579
10 0.45546875000000003 0.1936842105263158 0.0734375 0.13473684210526315
10 0.31875000000000003 0.8315789473684211 0.17500000000000002 0.1936842105263158
10 0.26796875000000003 0.58 0.0859375 0.11578947368421053
10 0.328125 0.7684210526315789 0.22812500000000002 0.23578947368421052
10 0.66328125 0.08526315789473685 0.0734375 0.12421052631578947
10 0.8046875 0.2831578947368421 0.06875 0.12421052631578947
10 0.60546875 0.6305263157894737 0.051562500000000004 0.09473684210526316
