10 0.4989082969432314 0.77734375 0.22489082969432314 0.15781250000000002
10 0.2259825327510917 0.5085937500000001 0.2336244541484716 0.1640625
10 0.9039301310043668 0.4296875 0.10480349344978165 0.05625
10 0.30131004366812225 0.06640625 0.20524017467248906 0.11093750000000001
10 0.5032751091703056 0.35390625000000003 0.09388646288209607 0.0484375
10 0.8853711790393013 0.26796875000000003 0.20305676855895197 0.2078125
10 0.5698689956331877 0.41015625 0.1353711790393013 0.1296875
10 0.8395196506550218 0.28984375 0.22489082969432314 0.2171875
10 0.3056768558951965 0.209375 0.21397379912663755 0.15000000000000002
10 0.12882096069868995 0.5906250000000001 0.20524017467248906 0.14375000000000002
