10 0.13671875 0.2824675324675325 0.1265625 0.14935064935064934
10 0.7093750000000001 0.6006493506493507 0.134375 0.17965367965367965
10 0.70625 0.7034632034632035 0.08125 0.10822510822510822
10 0.6781250000000001 0.6028138528138528 0.1125 0.21428571428571427
10 0.1296875 0.408008658008658 0.1 0.17532467532467533
10 0.8328125000000001 0.6179653679653679 0.134375 0.17532467532467533
10 0.25078125 0.7316017316017316 0.09531250000000001 0.12554112554112554
10 0.7921875 0.7619047619047619 0.12187500000000001 0.23376623376623376
10 0.875 0.48268398268398266 0.05625 0.1038961038961039
10 0.37812500000000004 0.09415584415584416 0.09375 0.15367965367965367
10 0.81171875 0.07900432900432901 0.0765625 0.14502164502164502
