10 0.2609375 0.7739420935412027 0.053125000000000006 0.10467706013363029
10 0.32656250000000003 0.698218262806236 0.08125 0.11358574610244988
10 0.6273437500000001 0.11024498886414254 0.1234375 0.19376391982182628
10 0.30000000000000004 0.18485523385300667 0.07187500000000001 0.10690423162583518
10 0.19921875 0.47216035634743875 0.1234375 0.17371937639198218
10 0.6890625 0.46547884187082406 0.171875 0.24498886414253895
10 0.45156250000000003 0.18262806236080179 0.059375000000000004 0.09354120267260578
10 0.34921875 0.3028953229398664 0.1453125 0.24498886414253895
10 0.24609375 0.3797327394209354 0.11406250000000001 0.22494432071269488
10 0.11171875 0.19265033407572382 0.1265625 0.19376391982182628
