10 0.11875000000000001 0.06981981981981981 0.0625 0.0945945945945946
10 0.74140625 0.6261261261261262 0.0859375 0.13513513513513514
10 0.6703125000000001 0.7364864864864865 0.046875 0.0945945945945946
10 0.12109375 0.6734234234234234 0.11406250000000001 0.22522522522522523
10 0.75703125 0.1644144144144144 0.0703125 0.1036036036036036
10 0.5398437500000001 0.36599099099099097 0.0765625 0.17342342342342343
10 0.171875 0.8063063063063063 0.1 0.14414414414414414
10 0.24375000000000002 0.1768018018018018 0.07187500000000001 0.1644144144144144
10 0.546875 0.8693693693693694 0.09375 0.18468468468468469
10 0.25234375000000003 0.49099099099099097 0.15156250000000002 0.22522522522522523
10 0.5921875 0.11261261261261261 0.09375 0.14414414414414414
10 0.86328125 0.6418918918918919 0.1484375 0.22522522522522523
