10 0.6335937500000001 0.8048523206751054 0.1046875 0.14556962025316456
10 0.421875 0.24894514767932488 0.146875 0.2151898734177215
10 0.690625 0.16033755274261602 0.08125 0.11392405063291139
10 0.1 0.8417721518987341 0.15625 0.2151898734177215
10 0.6507812500000001 0.550632911392405 0.1234375 0.18565400843881855
10 0.51015625 0.32489451476793246 0.15156250000000002 0.2151898734177215
10 0.8390625 0.30274261603375524 0.078125 0.12869198312236285
10 0.16328125000000002 0.6592827004219409 0.15781250000000002 0.22573839662447256
10 0.88984375 0.4177215189873417 0.1765625 0.24472573839662445
10 0.24609375 0.2573839662447257 0.1046875 0.1940928270042194
