10 0.66796875 0.8672248803827751 0.1015625 0.16507177033492823
10 0.6828125 0.4677033492822966 0.09375 0.21291866028708134
10 0.55390625 0.763157894736842 0.1265625 0.24401913875598086
10 0.45937500000000003 0.2452153110047847 0.059375000000000004 0.08373205741626794
10 0.828125 0.8576555023923444 0.1 0.2033492822966507
10 0.31171875000000004 0.8062200956937798 0.1453125 0.23444976076555024
10 0.12812500000000002 0.37440191387559807 0.12812500000000002 0.19377990430622008
10 0.90546875 0.10167464114832535 0.0890625 0.16507177033492823
10 0.44375000000000003 0.3504784688995215 0.096875 0.2033492822966507
10 0.79609375 0.4043062200956938 0.0734375 0.15311004784688995
