10 0.3435374149659864 0.659375 0.22448979591836735 0.1125
10 0.15873015873015872 0.58984375 0.09523809523809525 0.0734375
10 0.7335600907029479 0.40390625 0.21541950113378686 0.1390625
10 0.35034013605442177 0.609375 0.21541950113378686 0.203125
10 0.8639455782312926 0.21328125 0.15419501133786848 0.1046875
10 0.3526077097505669 0.2703125 0.16099773242630386 0.14375000000000002
10 0.2562358276643991 0.28046875 0.11337868480725624 0.0734375
10 0.25396825396825395 0.19765625 0.163265306122449 0.11093750000000001
10 0.14739229024943312 0.37890625 0.14512471655328799 0.1046875
10 0.30045351473922904 0.47968750000000004 0.13378684807256236 0.09062500000000001
10 0.7210884353741497 0.084375 0.14512471655328799 0.11875000000000001
