10 0.17328918322295805 0.3359375 0.2052980132450331 0.146875
10 0.6479028697571744 0.125 0.16556291390728478 0.1375
10 0.4271523178807947 0.33359375 0.2052980132450331 0.1546875
10 0.8664459161147903 0.85546875 0.10375275938189846 0.08281250000000001
10 0.8233995584988962 0.1546875 0.1545253863134658 0.109375
10 0.34216335540838855 0.48750000000000004 0.07947019867549669 0.08125
10 0.10816777041942605 0.52734375 0.18543046357615894 0.1296875
10 0.3344370860927152 0.04453125 0.10375275938189846 0.0765625
10 0.7748344370860927 0.5359375000000001 0.1545253863134658 0.1125
10 0.4271523178807947 0.5171875 0.24503311258278146 0.18125000000000002
10 0.4602649006622517 0.85078125 0.16997792494481237 0.1859375
