10 0.10078125 0.08782435129740518 0.1265625 0.11576846307385229
10 0.7203125 0.43812375249500995 0.09062500000000001 0.14570858283433133
10 0.61875 0.7534930139720558 0.115625 0.14570858283433133
10 0.06015625 0.405189620758483 0.1015625 0.17564870259481036
10 0.1328125 0.217564870259481 0.15625 0.15169660678642713
10 0.6109375 0.18263473053892215 0.19687500000000002 0.18562874251497005
10 0.39609375 0.3203592814371257 0.13593750000000002 0.22554890219560877
10 0.83984375 0.49500998003992014 0.23593750000000002 0.23153692614770457
10 0.88828125 0.4930139720558882 0.1390625 0.17564870259481036
10 0.4859375 0.27544910179640714 0.07187500000000001 0.11576846307385229
10 0.55078125 0.38522954091816364 0.1421875 0.23552894211576844
