10 0.09843750000000001 0.19123931623931625 0.12187500000000001 0.2243589743589744
10 0.8984375 0.5373931623931625 0.16562500000000002 0.2243589743589744
10 0.68515625 0.38141025641025644 0.1203125 0.16452991452991456
10 0.16171875000000002 0.420940170940171 0.07968750000000001 0.1452991452991453
10 0.84140625 0.903846153846154 0.0921875 0.17521367521367523
10 0.45234375000000004 0.3162393162393163 0.09531250000000001 0.17521367521367523
10 0.3828125 0.5438034188034189 0.15000000000000002 0.24572649572649574
10 0.6140625000000001 0.903846153846154 0.09375 0.17521367521367523
10 0.5632812500000001 0.8322649572649573 0.1203125 0.24572649572649574
10 0.75390625 0.10363247863247864 0.09531250000000001 0.19444444444444448
10 0.37734375000000003 0.32264957264957267 0.0703125 0.09401709401709403
