10 0.353125 0.8711111111111111 0.12187500000000001 0.19555555555555557
10 0.87109375 0.38666666666666666 0.1640625 0.24444444444444444
10 0.2609375 0.8611111111111112 0.14375000000000002 0.15333333333333332
10 0.06640625 0.2611111111111111 0.0890625 0.08666666666666667
10 0.8523437500000001 0.7188888888888889 0.0890625 0.14444444444444443
10 0.80859375 0.8511111111111112 0.1203125 0.19555555555555557
10 0.24765625000000002 0.7577777777777778 0.1640625 0.24444444444444444
10 0.56484375 0.6422222222222222 0.1015625 0.16444444444444445
10 0.50390625 0.14222222222222222 0.0921875 0.11555555555555555
10 0.07421875 0.35 0.1484375 0.18444444444444444
10 0.48125 0.29444444444444445 0.13125 0.21555555555555556
10 0.8132812500000001 0.5222222222222223 0.1640625 0.20444444444444446
