10 0.10859375 0.10147991543340382 0.1015625 0.10570824524312897
10 0.6640625 0.20718816067653278 0.084375 0.1437632135306554
10 0.8234375 0.9101479915433405 0.15000000000000002 0.1543340380549683
10 0.7195312500000001 0.3192389006342495 0.0671875 0.11416490486257928
10 0.18125000000000002 0.25158562367864695 0.146875 0.1945031712473573
10 0.7585937500000001 0.6405919661733616 0.1234375 0.1649048625792812
10 0.525 0.4439746300211417 0.078125 0.1437632135306554
10 0.5164062500000001 0.7632135306553911 0.23593750000000002 0.2452431289640592
10 0.22812500000000002 0.53276955602537 0.13125 0.22410147991543342
10 0.08750000000000001 0.7780126849894292 0.0625 0.11416490486257928
10 0.8359375 0.4006342494714588 0.134375 0.23467230443974632
10 0.93359375 0.5221987315010571 0.1015625 0.10570824524312897
