10 0.21875 0.7147435897435899 0.09375 0.2243589743589744
10 0.5765625 0.19764957264957267 0.15000000000000002 0.20299145299145302
10 0.30390625000000004 0.5170940170940171 0.08281250000000001 0.2136752136752137
10 0.39296875000000003 0.3696581196581197 0.0671875 0.10683760683760685
10 0.37265625 0.4957264957264958 0.11406250000000001 0.15384615384615385
10 0.11953125 0.39529914529914534 0.0921875 0.11965811965811968
10 0.43281250000000004 0.6880341880341881 0.0625 0.11538461538461539
10 0.6273437500000001 0.29807692307692313 0.1453125 0.19444444444444448
10 0.13046875 0.48931623931623935 0.0765625 0.15384615384615385
10 0.22109375 0.716880341880342 0.1453125 0.19444444444444448
10 0.8773437500000001 0.18803418803418806 0.0765625 0.1452991452991453
