10 0.6971677559912854 0.7828125 0.24400871459694992 0.16562500000000002
10 0.35294117647058826 0.49375 0.10457516339869283 0.09062500000000001
10 0.20915032679738566 0.8984375 0.14379084967320263 0.1375
10 0.5849673202614379 0.36953125000000003 0.12854030501089325 0.13593750000000002
10 0.48583877995642705 0.7835937500000001 0.1655773420479303 0.1328125
10 0.20806100217864926 0.6507812500000001 0.12854030501089325 0.13593750000000002
10 0.8801742919389979 0.45 0.10021786492374729 0.10625000000000001
10 0.23747276688453162 0.1609375 0.14379084967320263 0.1375
10 0.18736383442265797 0.47890625000000003 0.21350762527233116 0.2265625
10 0.42701525054466233 0.6578125 0.10021786492374729 0.10625000000000001
