10 0.3375 0.9045608108108109 0.08125 0.08614864864864866
10 0.60078125 0.6047297297297297 0.2109375 0.22635135135135137
10 0.22187500000000002 0.8513513513513514 0.15937500000000002 0.21621621621621623
10 0.81171875 0.14527027027027029 0.1859375 0.20608108108108109
10 0.37734375000000003 0.6908783783783784 0.1453125 0.15540540540540543
10 0.4296875 0.47804054054054057 0.115625 0.18581081081081083
10 0.32343750000000004 0.8175675675675677 0.13125 0.19594594594594594
10 0.2 0.6638513513513514 0.1125 0.14527027027027029
10 0.7359375 0.09966216216216217 0.14375000000000002 0.17567567567567569
10 0.31484375000000003 0.1596283783783784 0.0765625 0.11655405405405406
10 0.53359375 0.22297297297297297 0.1453125 0.15540540540540543
