10 0.41015625 0.8139269406392694 0.1484375 0.23515981735159816
10 0.7742187500000001 0.2876712328767123 0.0765625 0.1552511415525114
10 0.9078125 0.2568493150684931 0.09375 0.14383561643835616
10 0.54296875 0.9280821917808219 0.0921875 0.13470319634703196
10 0.39609375 0.12899543378995432 0.0890625 0.14383561643835616
10 0.12890625 0.5547945205479452 0.1484375 0.2237442922374429
10 0.8054687500000001 0.4817351598173516 0.0921875 0.1552511415525114
10 0.74140625 0.4965753424657534 0.0578125 0.13470319634703196
10 0.49531250000000004 0.07990867579908675 0.06875 0.1050228310502283
10 0.8757812500000001 0.8858447488584474 0.1234375 0.2146118721461187
