10 0.53359375 0.38272921108742003 0.09531250000000001 0.16417910447761194
10 0.8562500000000001 0.47121535181236673 0.1 0.11513859275053305
10 0.51328125 0.7857142857142857 0.13593750000000002 0.19402985074626866
10 0.7375 0.2185501066098081 0.16875 0.19402985074626866
10 0.09453125000000001 0.7889125799573561 0.1640625 0.2345415778251599
10 0.7000000000000001 0.7953091684434968 0.14375000000000002 0.2046908315565032
10 0.54140625 0.26972281449893387 0.09531250000000001 0.15565031982942432
10 0.390625 0.6716417910447761 0.10625000000000001 0.2046908315565032
10 0.51796875 0.1257995735607676 0.15156250000000002 0.17484008528784648
10 0.47109375000000003 0.38272921108742003 0.0734375 0.1044776119402985
