10 0.14296875 0.2628635346756152 0.11406250000000001 0.19463087248322147
10 0.21640625000000002 0.5514541387024608 0.06406250000000001 0.14541387024608501
10 0.8921875 0.3131991051454139 0.09375 0.1342281879194631
10 0.7898437500000001 0.4015659955257271 0.13593750000000002 0.203579418344519
10 0.29609375 0.831096196868009 0.1328125 0.203579418344519
10 0.43671875000000004 0.79082774049217 0.1453125 0.22147651006711408
10 0.055468750000000004 0.5469798657718121 0.1046875 0.203579418344519
10 0.15390625000000002 0.860178970917226 0.0765625 0.11409395973154363
10 0.4234375 0.5861297539149888 0.134375 0.21476510067114093
10 0.44140625 0.37583892617449666 0.0890625 0.174496644295302
