10 0.4815242494226328 0.51328125 0.10392609699769052 0.0734375
10 0.20092378752886836 0.7515625 0.19399538106235564 0.13125
10 0.7886836027713626 0.2671875 0.09468822170900693 0.065625
10 0.24595842956120093 0.371875 0.15011547344110854 0.1125
10 0.6177829099307159 0.21484375 0.22401847575057737 0.1640625
10 0.34526558891454967 0.8921875 0.21478060046189376 0.146875
10 0.8106235565819861 0.4609375 0.19399538106235564 0.1375
10 0.34988452655889146 0.07968750000000001 0.17321016166281755 0.12187500000000001
10 0.8960739030023095 0.6515625 0.19399538106235564 0.140625
10 0.11316397228637413 0.37109375 0.13394919168591224 0.1078125
