10 0.39296875000000003 0.6955602536997886 0.1078125 0.1437632135306554
10 0.15625 0.1754756871035941 0.09062500000000001 0.11416490486257928
10 0.64375 0.5380549682875264 0.13125 0.23467230443974632
10 0.246875 0.864693446088795 0.146875 0.22410147991543342
10 0.48671875000000003 0.25052854122621565 0.1328125 0.20930232558139536
10 0.92109375 0.8636363636363636 0.08281250000000001 0.1543340380549683
10 0.52109375 0.5147991543340381 0.11093750000000001 0.2050739957716702
10 0.92109375 0.6902748414376322 0.11406250000000001 0.2050739957716702
10 0.3640625 0.41226215644820297 0.078125 0.10570824524312897
10 0.68515625 0.23150105708245244 0.1609375 0.2050739957716702
10 0.5398437500000001 0.14799154334038056 0.13593750000000002 0.1945031712473573
