11 0.845372460496614 0.18828125 0.1963882618510158 0.1640625
11 0.7720090293453724 0.50625 0.13544018058690743 0.16562500000000002
11 0.463882618510158 0.08203125 0.10158013544018057 0.1171875
11 0.6738148984198645 0.21875 0.1783295711060948 0.215625
11 0.6704288939051918 0.38125000000000003 0.14446952595936793 0.15937500000000002
11 0.6501128668171557 0.2859375 0.1399548532731377 0.07187500000000001
11 0.43227990970654623 0.17421875 0.15124153498871332 0.1859375
11 0.49999999999999994 0.7664062500000001 0.20541760722347627 0.1015625
11 0.3747178329571106 0.3828125 0.17607223476297967 0.215625
11 0.2257336343115124 0.16953125000000002 0.14446952595936793 0.1015625
11 0.8306997742663657 0.3375 0.18510158013544017 0.09062500000000001
11 0.5191873589164785 0.309375 0.1309255079006772 0.16562500000000002
