11 0.48281250000000003 0.2545454545454545 0.084375 0.15454545454545454
11 0.8671875 0.2852272727272727 0.08125 0.125
11 0.68125 0.23409090909090907 0.1 0.24545454545454545
11 0.9476562500000001 0.5386363636363636 0.09531250000000001 0.16363636363636364
11 0.71796875 0.5477272727272727 0.11093750000000001 0.11363636363636363
11 0.253125 0.45227272727272727 0.065625 0.08181818181818182
11 0.22187500000000002 0.3568181818181818 0.15937500000000002 0.16363636363636364
11 0.265625 0.1625 0.14375000000000002 0.23409090909090907
11 0.353125 0.5477272727272727 0.084375 0.20454545454545453
11 0.6570312500000001 0.7238636363636364 0.0921875 0.22499999999999998
11 0.05 0.8602272727272727 0.05 0.125
