11 0.70703125 0.5679862306368331 0.1265625 0.17555938037865748
11 0.915625 0.48967297762478484 0.07187500000000001 0.10499139414802065
11 0.33437500000000003 0.923407917383821 0.09375 0.14629948364888123
11 0.27187500000000003 0.06798623063683305 0.084375 0.11531841652323581
11 0.49765625 0.1746987951807229 0.1484375 0.1738382099827883
11 0.846875 0.5611015490533563 0.20625000000000002 0.14802065404475043
11 0.4265625 0.8984509466437177 0.1125 0.1549053356282272
11 0.6257812500000001 0.23493975903614459 0.1859375 0.14629948364888123
11 0.8070312500000001 0.3493975903614458 0.15781250000000002 0.1962134251290878
11 0.5171875 0.32271944922547335 0.215625 0.17039586919104993
11 0.8500000000000001 0.4475043029259897 0.140625 0.1962134251290878
11 0.7921875 0.608433734939759 0.146875 0.11531841652323581
