11 0.51953125 0.35955056179775285 0.060937500000000006 0.06741573033707866
11 0.85703125 0.2539325842696629 0.0890625 0.14382022471910114
11 0.48671875000000003 0.5741573033707865 0.1015625 0.2449438202247191
11 0.9554687500000001 0.3101123595505618 0.0578125 0.10337078651685394
11 0.5296875 0.2606741573033708 0.1375 0.23370786516853934
11 0.73359375 0.7202247191011236 0.1421875 0.1955056179775281
11 0.265625 0.33932584269662924 0.115625 0.23370786516853934
11 0.415625 0.7887640449438202 0.15625 0.23370786516853934
11 0.6804687500000001 0.3831460674157304 0.1015625 0.2449438202247191
11 0.03828125 0.201123595505618 0.0703125 0.11460674157303372
11 0.18671875000000002 0.8314606741573034 0.09843750000000001 0.17528089887640452
