11 0.38912133891213385 0.6468750000000001 0.19665271966527195 0.225
11 0.7698744769874476 0.35468750000000004 0.17573221757322174 0.13125
11 0.8399581589958158 0.8359375 0.16527196652719664 0.096875
11 0.5993723849372384 0.35468750000000004 0.06485355648535564 0.025
11 0.5428870292887029 0.20468750000000002 0.12343096234309622 0.12187500000000001
11 0.5355648535564853 0.26015625000000003 0.14644351464435146 0.1453125
11 0.37656903765690375 0.53046875 0.15481171548117154 0.1328125
11 0.5585774058577405 0.33359375 0.10878661087866108 0.0671875
11 0.6631799163179916 0.25390625 0.1715481171548117 0.1859375
11 0.702928870292887 0.67890625 0.1422594142259414 0.1765625
11 0.18723849372384935 0.20234375000000002 0.2238493723849372 0.1921875
