11 0.3515625 0.68 0.146875 0.15666666666666668
11 0.7921875 0.12916666666666668 0.0625 0.07166666666666667
11 0.9234375 0.92 0.1375 0.14666666666666667
11 0.43281250000000004 0.805 0.13125 0.2366666666666667
11 0.8234375 0.11333333333333334 0.028125 0.09000000000000001
11 0.7734375 0.26166666666666666 0.15937500000000002 0.24666666666666667
11 0.8765625 0.12333333333333334 0.109375 0.19666666666666668
11 0.26796875000000003 0.34 0.0859375 0.15666666666666668
11 0.10312500000000001 0.7516666666666667 0.203125 0.21666666666666667
11 0.9085937500000001 0.15666666666666668 0.1265625 0.22666666666666668
11 0.13203125000000002 0.30000000000000004 0.13593750000000002 0.11333333333333334
