11 0.83359375 0.27209302325581397 0.1171875 0.22325581395348837
11 0.19687500000000002 0.8465116279069768 0.084375 0.22325581395348837
11 0.0671875 0.3930232558139535 0.046875 0.14418604651162792
11 0.03515625 0.7058139534883721 0.0421875 0.11395348837209301
11 0.9484375 0.5313953488372093 0.040625 0.11395348837209301
11 0.8968750000000001 0.2930232558139535 0.07187500000000001 0.19534883720930232
11 0.8148437500000001 0.7255813953488373 0.0484375 0.13488372093023254
11 0.10312500000000001 0.3755813953488372 0.1625 0.1744186046511628
11 0.32656250000000003 0.25232558139534883 0.08125 0.12325581395348836
11 0.6921875000000001 0.1697674418604651 0.209375 0.22325581395348837
