11 0.5183908045977011 0.76953125 0.14482758620689656 0.1015625
11 0.5229885057471264 0.50703125 0.13103448275862067 0.09843750000000001
11 0.6850574712643678 0.7546875000000001 0.11494252873563218 0.08125
11 0.364367816091954 0.8601562500000001 0.10344827586206896 0.0671875
11 0.6747126436781609 0.4375 0.09425287356321839 0.08125
11 0.13218390804597702 0.596875 0.14482758620689656 0.16562500000000002
11 0.8931034482758621 0.1484375 0.1954022988505747 0.15625
11 0.4804597701149425 0.465625 0.13333333333333333 0.115625
11 0.6689655172413793 0.0734375 0.17471264367816092 0.084375
11 0.25287356321839083 0.42265625 0.22528735632183908 0.1453125
11 0.24367816091954023 0.72421875 0.17471264367816092 0.1390625
11 0.2218390804597701 0.20546875 0.21379310344827585 0.1390625
