11 0.8668831168831169 0.8125 0.20562770562770563 0.215625
11 0.17316017316017315 0.81171875 0.15584415584415584 0.1859375
11 0.7867965367965368 0.2765625 0.20562770562770563 0.246875
11 0.6017316017316018 0.765625 0.12121212121212122 0.16562500000000002
11 0.9004329004329005 0.48750000000000004 0.13852813852813853 0.16562500000000002
11 0.5313852813852814 0.9070312500000001 0.17532467532467533 0.1265625
11 0.20995670995670995 0.13593750000000002 0.12554112554112554 0.09062500000000001
11 0.683982683982684 0.7679687500000001 0.1038961038961039 0.1265625
11 0.5292207792207793 0.63203125 0.20562770562770563 0.1484375
11 0.22835497835497837 0.5484375 0.20562770562770563 0.16875
11 0.5 0.21250000000000002 0.23376623376623376 0.19375
11 0.25216450216450215 0.375 0.21428571428571427 0.12187500000000001
