11 0.84375 0.33085106382978724 0.09062500000000001 0.15531914893617021
11 0.10859375 0.3670212765957447 0.1296875 0.1851063829787234
11 0.32265625000000003 0.4553191489361702 0.1015625 0.1446808510638298
11 0.87265625 0.4329787234042553 0.060937500000000006 0.09574468085106383
11 0.51796875 0.7372340425531915 0.09531250000000001 0.16382978723404257
11 0.7351562500000001 0.3723404255319149 0.11406250000000001 0.17446808510638298
11 0.28984375 0.6882978723404255 0.1296875 0.24468085106382978
11 0.22109375 0.6425531914893617 0.045312500000000006 0.1021276595744681
11 0.9242187500000001 0.21170212765957447 0.07968750000000001 0.13404255319148936
11 0.16718750000000002 0.7425531914893617 0.15000000000000002 0.19574468085106383
11 0.23984375000000002 0.13936170212765958 0.045312500000000006 0.10425531914893617
