11 0.2109375 0.3174778761061947 0.12187500000000001 0.21017699115044247
11 0.6492187500000001 0.5530973451327433 0.1171875 0.2345132743362832
11 0.46875 0.35398230088495575 0.13125 0.2345132743362832
11 0.20703125 0.3329646017699115 0.051562500000000004 0.10398230088495575
11 0.6742187500000001 0.08738938053097345 0.1046875 0.08628318584070796
11 0.8390625 0.372787610619469 0.096875 0.14380530973451328
11 0.44140625 0.15486725663716813 0.0703125 0.12389380530973451
11 0.6734375 0.21349557522123894 0.15937500000000002 0.21460176991150443
11 0.27187500000000003 0.7787610619469026 0.10312500000000001 0.16371681415929204
11 0.6898437500000001 0.15376106194690264 0.0671875 0.13495575221238937
11 0.43125 0.38716814159292035 0.046875 0.11504424778761062
11 0.215625 0.5066371681415929 0.13125 0.19469026548672566
