11 0.7020547945205479 0.64375 0.15753424657534246 0.19687500000000002
11 0.10730593607305935 0.74921875 0.1643835616438356 0.11406250000000001
11 0.45662100456621 0.37109375 0.1643835616438356 0.11406250000000001
11 0.1461187214611872 0.5015625 0.0867579908675799 0.10625000000000001
11 0.6015981735159817 0.09531250000000001 0.13470319634703196 0.09375
11 0.1815068493150685 0.265625 0.19406392694063926 0.134375
11 0.5662100456621004 0.15000000000000002 0.091324200913242 0.115625
11 0.3162100456621004 0.36484375 0.11187214611872145 0.13593750000000002
11 0.8984018264840182 0.12187500000000001 0.15753424657534246 0.19687500000000002
11 0.6529680365296804 0.42265625 0.1415525114155251 0.1765625
11 0.7751141552511415 0.22890625 0.19406392694063926 0.09531250000000001
11 0.4052511415525114 0.91015625 0.14383561643835616 0.0703125
