11 0.5958605664488018 0.32265625000000003 0.13725490196078433 0.1765625
11 0.1394335511982571 0.37812500000000004 0.13071895424836602 0.16562500000000002
11 0.0729847494553377 0.28125 0.12418300653594773 0.09062500000000001
11 0.6285403050108933 0.8187500000000001 0.224400871459695 0.115625
11 0.3028322440087146 0.73203125 0.17429193899782136 0.1265625
11 0.46623093681917216 0.3984375 0.12636165577342048 0.16562500000000002
11 0.5544662309368192 0.27890625 0.11546840958605666 0.08281250000000001
11 0.724400871459695 0.19687500000000002 0.20261437908496735 0.15625
11 0.89760348583878 0.23984375000000002 0.18300653594771243 0.1421875
11 0.7908496732026145 0.484375 0.16993464052287582 0.215625
11 0.803921568627451 0.30312500000000003 0.12200435729847496 0.15625
11 0.1514161220043573 0.9109375000000001 0.11546840958605666 0.146875
