11 0.14966740576496673 0.11406250000000001 0.1662971175166297 0.19687500000000002
11 0.7893569844789357 0.60078125 0.12416851441241686 0.1390625
11 0.6352549889135255 0.31015625 0.1130820399113082 0.13593750000000002
11 0.5210643015521065 0.22421875000000002 0.10643015521064302 0.1265625
11 0.6208425720620843 0.9187500000000001 0.164079822616408 0.09062500000000001
11 0.7272727272727273 0.68515625 0.164079822616408 0.1328125
11 0.401330376940133 0.5320312500000001 0.1729490022172949 0.18906250000000002
11 0.9301552106430155 0.31875000000000003 0.050997782705099776 0.153125
11 0.8481152993348116 0.29140625000000003 0.19290465631929046 0.2234375
11 0.8514412416851441 0.384375 0.12416851441241686 0.06875
11 0.42350332594235035 0.40859375000000003 0.19955654101995565 0.23593750000000002
11 0.360310421286031 0.83984375 0.1352549889135255 0.09531250000000001
