11 0.7078125000000001 0.8715277777777777 0.115625 0.1736111111111111
11 0.6820312500000001 0.5185185185185185 0.1921875 0.19444444444444442
11 0.49453125000000003 0.2534722222222222 0.2109375 0.22453703703703703
11 0.2234375 0.3414351851851852 0.10312500000000001 0.1550925925925926
11 0.41015625 0.7094907407407407 0.045312500000000006 0.16435185185185183
11 0.8367187500000001 0.6898148148148148 0.18281250000000002 0.19444444444444442
11 0.92578125 0.21527777777777776 0.1171875 0.125
11 0.35781250000000003 0.6875 0.1625 0.2361111111111111
11 0.34140625 0.5196759259259259 0.08281250000000001 0.22453703703703703
11 0.21015625000000002 0.13310185185185183 0.1546875 0.16435185185185183
11 0.6546875000000001 0.6504629629629629 0.053125000000000006 0.14351851851851852
