11 0.6359375 0.7615830115830116 0.0125 0.07915057915057916
11 0.7390625000000001 0.8436293436293436 0.15937500000000002 0.20463320463320464
11 0.41953125 0.584942084942085 0.11093750000000001 0.10424710424710425
11 0.48281250000000003 0.5530888030888031 0.059375000000000004 0.12548262548262548
11 0.3796875 0.45752895752895756 0.134375 0.21621621621621623
11 0.11171875 0.2422779922779923 0.18281250000000002 0.2142857142857143
11 0.42421875000000003 0.6959459459459459 0.1046875 0.17567567567567569
11 0.74375 0.32432432432432434 0.06875 0.1003861003861004
11 0.68359375 0.7393822393822393 0.09843750000000001 0.20463320463320464
11 0.41328125000000004 0.4247104247104247 0.1609375 0.23552123552123552
11 0.38984375000000004 0.7084942084942085 0.1265625 0.18532818532818535
11 0.68515625 0.444980694980695 0.1546875 0.2142857142857143
