11 0.37812500000000004 0.5235294117647058 0.040625 0.0588235294117647
11 0.09765625 0.5658823529411764 0.1265625 0.21411764705882352
11 0.7796875000000001 0.7576470588235293 0.040625 0.06117647058823529
11 0.6765625000000001 0.16588235294117645 0.065625 0.10117647058823528
11 0.7992187500000001 0.8494117647058823 0.0859375 0.1552941176470588
11 0.20390625 0.8917647058823529 0.0859375 0.16470588235294117
11 0.75546875 0.2952941176470588 0.0765625 0.14352941176470588
11 0.68359375 0.2788235294117647 0.07968750000000001 0.1341176470588235
11 0.6781250000000001 0.8835294117647058 0.115625 0.21411764705882352
11 0.384375 0.45764705882352935 0.07500000000000001 0.1341176470588235
11 0.35468750000000004 0.608235294117647 0.1125 0.12
11 0.28984375 0.5094117647058823 0.1421875 0.22352941176470587
