11 0.3360091743119266 0.6804687500000001 0.19036697247706424 0.23593750000000002
11 0.5802752293577982 0.11953125 0.10550458715596331 0.0921875
11 0.33256880733944955 0.42812500000000003 0.12844036697247707 0.15625
11 0.783256880733945 0.40546875000000004 0.14908256880733944 0.1859375
11 0.7190366972477065 0.5765625 0.13073394495412843 0.10625000000000001
11 0.6227064220183487 0.12109375 0.14449541284403672 0.0703125
11 0.8990825688073395 0.5453125 0.09174311926605505 0.115625
11 0.6318807339449541 0.5671875000000001 0.20412844036697247 0.1
11 0.8738532110091743 0.8328125000000001 0.1743119266055046 0.215625
11 0.36926605504587157 0.0578125 0.12385321100917432 0.059375000000000004
11 0.6261467889908258 0.24531250000000002 0.12844036697247707 0.15625
