11 0.5390625 0.2469135802469136 0.109375 0.16460905349794241
11 0.1703125 0.4495884773662552 0.046875 0.10493827160493828
11 0.6625000000000001 0.8096707818930042 0.17500000000000002 0.23251028806584365
11 0.6531250000000001 0.6738683127572017 0.15000000000000002 0.154320987654321
11 0.46640625 0.7314814814814815 0.0546875 0.12551440329218108
11 0.22187500000000002 0.5246913580246914 0.059375000000000004 0.11522633744855967
11 0.8132812500000001 0.7551440329218108 0.08281250000000001 0.1851851851851852
11 0.20703125 0.6502057613168725 0.0890625 0.1358024691358025
11 0.23750000000000002 0.4526748971193416 0.07500000000000001 0.16460905349794241
11 0.5546875 0.7757201646090536 0.10625000000000001 0.23456790123456792
11 0.6609375000000001 0.6563786008230453 0.059375000000000004 0.1358024691358025
