11 0.7583518930957683 0.8953125000000001 0.23385300668151446 0.11875000000000001
11 0.6692650334075724 0.5554687500000001 0.10467706013363029 0.13593750000000002
11 0.32516703786191536 0.78125 0.09354120267260578 0.115625
11 0.811804008908686 0.215625 0.23385300668151446 0.11875000000000001
11 0.5133630289532294 0.8875000000000001 0.15812917594654788 0.19687500000000002
11 0.8752783964365256 0.77109375 0.17371937639198218 0.1234375
11 0.28953229398663693 0.14296875 0.24498886414253895 0.17343750000000002
11 0.4064587973273942 0.24453125 0.16703786191536749 0.1046875
11 0.8619153674832962 0.58046875 0.17817371937639198 0.2265625
11 0.13251670378619154 0.47500000000000003 0.08240534521158129 0.10625000000000001
11 0.6035634743875278 0.17265625 0.12472160356347438 0.1859375
11 0.5189309576837416 0.20625000000000002 0.13363028953229397 0.16562500000000002
