11 0.5854700854700855 0.5359375000000001 0.23504273504273507 0.19687500000000002
11 0.2232905982905983 0.25625000000000003 0.13461538461538464 0.07187500000000001
11 0.326923076923077 0.20234375000000002 0.0982905982905983 0.1046875
11 0.2104700854700855 0.81953125 0.21153846153846156 0.2265625
11 0.21794871794871798 0.16875 0.17521367521367523 0.146875
11 0.46688034188034194 0.7796875000000001 0.06623931623931624 0.037500000000000006
11 0.20833333333333334 0.734375 0.13461538461538464 0.16562500000000002
11 0.7745726495726496 0.86640625 0.19444444444444448 0.23593750000000002
11 0.6143162393162394 0.203125 0.09188034188034189 0.115625
11 0.4871794871794872 0.73828125 0.1452991452991453 0.08281250000000001
11 0.4903846153846154 0.225 0.19444444444444448 0.20625000000000002
