11 0.56015625 0.08647450110864745 0.1078125 0.15521064301552107
11 0.18515625000000002 0.3004434589800443 0.1328125 0.1352549889135255
11 0.8250000000000001 0.17073170731707318 0.134375 0.15521064301552107
11 0.3203125 0.46895787139689576 0.08750000000000001 0.10421286031042129
11 0.8609375 0.5798226164079823 0.11875000000000001 0.17516629711751663
11 0.72265625 0.33370288248337027 0.1203125 0.17516629711751663
11 0.4265625 0.43680709534368073 0.2 0.2039911308203991
11 0.74140625 0.13082039911308205 0.060937500000000006 0.15521064301552107
11 0.49453125000000003 0.8381374722838137 0.07968750000000001 0.11529933481152993
11 0.2421875 0.7904656319290465 0.084375 0.21507760532150777
11 0.71640625 0.6441241685144125 0.22031250000000002 0.22394678492239467
