11 0.68671875 0.5563674321503131 0.1859375 0.19415448851774528
11 0.434375 0.22546972860125258 0.146875 0.22546972860125258
11 0.18359375 0.29331941544885176 0.2234375 0.22755741127348642
11 0.72578125 0.7620041753653444 0.11406250000000001 0.1753653444676409
11 0.2921875 0.6878914405010438 0.146875 0.18580375782881
11 0.12890625 0.20563674321503128 0.09531250000000001 0.18580375782881
11 0.2171875 0.23277661795407095 0.08125 0.18580375782881
11 0.2859375 0.8089770354906054 0.09375 0.1440501043841336
11 0.4 0.5469728601252609 0.078125 0.10438413361169101
11 0.91796875 0.3768267223382046 0.1453125 0.19415448851774528
11 0.9046875000000001 0.2066805845511482 0.11875000000000001 0.12526096033402923
