11 0.5831509846827133 0.5945312500000001 0.19037199124726475 0.2265625
11 0.8369803063457331 0.6351562500000001 0.2035010940919037 0.16718750000000002
11 0.41575492341356673 0.503125 0.175054704595186 0.125
11 0.7330415754923413 0.70078125 0.1137855579868709 0.06406250000000001
11 0.8894967177242888 0.89609375 0.1334792122538293 0.09531250000000001
11 0.237417943107221 0.9460937500000001 0.12472647702407001 0.1015625
11 0.13676148796498905 0.58515625 0.14660831509846828 0.1765625
11 0.09518599562363238 0.890625 0.13785557986870897 0.16562500000000002
11 0.5470459518599562 0.5554687500000001 0.1050328227571116 0.1265625
11 0.5185995623632385 0.265625 0.09628008752735229 0.115625
