11 0.0484375 0.2667238421955403 0.065625 0.13550600343053174
11 0.19765625 0.846483704974271 0.0734375 0.12521440823327615
11 0.1375 0.5257289879931389 0.1125 0.1457975986277873
11 0.7664062500000001 0.5557461406518011 0.1640625 0.22641509433962265
11 0.56171875 0.25728987993138935 0.1171875 0.21612349914236706
11 0.13046875 0.26329331046312177 0.15781250000000002 0.16638078902229844
11 0.78671875 0.07547169811320754 0.1015625 0.1097770154373928
11 0.7429687500000001 0.16295025728987994 0.0578125 0.09605488850771869
11 0.8234375 0.21612349914236706 0.19687500000000002 0.2058319039451115
11 0.25625000000000003 0.8259005145797599 0.09062500000000001 0.16638078902229844
11 0.2609375 0.42452830188679247 0.1125 0.1457975986277873
