11 0.1375 0.15427927927927929 0.109375 0.12387387387387387
11 0.5671875000000001 0.29504504504504503 0.06875 0.10810810810810811
11 0.9 0.42905405405405406 0.05 0.12387387387387387
11 0.7000000000000001 0.7905405405405406 0.059375000000000004 0.14414414414414414
11 0.5546875 0.4391891891891892 0.134375 0.19369369369369369
11 0.371875 0.5045045045045045 0.096875 0.23423423423423423
11 0.4890625 0.125 0.078125 0.1644144144144144
11 0.8304687500000001 0.8322072072072072 0.1015625 0.21396396396396397
11 0.38984375000000004 0.7297297297297297 0.0546875 0.13513513513513514
11 0.5398437500000001 0.7837837837837838 0.0546875 0.13513513513513514
