11 0.055468750000000004 0.7892938496583143 0.09531250000000001 0.19362186788154898
11 0.375 0.7437357630979499 0.140625 0.19362186788154898
11 0.6453125000000001 0.38610478359908884 0.115625 0.24373576309794986
11 0.6921875000000001 0.1378132118451025 0.08125 0.13439635535307518
11 0.49140625000000004 0.6321184510250569 0.1203125 0.12528473804100226
11 0.11093750000000001 0.7369020501138952 0.10625000000000001 0.19362186788154898
11 0.5609375 0.35079726651480636 0.065625 0.11389521640091116
11 0.9539062500000001 0.2175398633257403 0.0546875 0.13439635535307518
11 0.57578125 0.26879271070615035 0.1078125 0.16400911161731208
11 0.06328125 0.5478359908883826 0.1046875 0.14350797266514806
