11 0.7675736961451247 0.6585937500000001 0.20634920634920637 0.23593750000000002
11 0.4897959183673469 0.47968750000000004 0.12244897959183673 0.134375
11 0.9036281179138322 0.0859375 0.1292517006802721 0.084375
11 0.4965986394557823 0.7671875 0.163265306122449 0.15937500000000002
11 0.8412698412698413 0.67734375 0.09523809523809525 0.045312500000000006
11 0.19841269841269843 0.33671875 0.13378684807256236 0.1046875
11 0.8514739229024944 0.12187500000000001 0.13378684807256236 0.109375
11 0.1870748299319728 0.2390625 0.12471655328798187 0.08125
11 0.16099773242630386 0.625 0.19501133786848074 0.1875
11 0.780045351473923 0.73046875 0.14512471655328799 0.09531250000000001
11 0.6972789115646258 0.1703125 0.1836734693877551 0.15625
11 0.41836734693877553 0.5265625 0.23356009070294786 0.19062500000000002
