11 0.8484375000000001 0.21663019693654267 0.05 0.1050328227571116
11 0.11171875 0.30087527352297594 0.1609375 0.22538293216630195
11 0.3765625 0.7297592997811816 0.08750000000000001 0.2035010940919037
11 0.9437500000000001 0.11487964989059081 0.08125 0.19474835886214442
11 0.09062500000000001 0.43544857768052514 0.07500000000000001 0.1050328227571116
11 0.1640625 0.11706783369803063 0.15000000000000002 0.15973741794310722
11 0.1546875 0.22538293216630195 0.05 0.1050328227571116
11 0.784375 0.8347921225382932 0.1 0.23413566739606126
11 0.18828125 0.6652078774617067 0.1953125 0.21444201312910283
11 0.6101562500000001 0.8643326039387308 0.09531250000000001 0.1050328227571116
