11 0.826133909287257 0.07421875 0.11879049676025918 0.1234375
11 0.296976241900648 0.19843750000000002 0.11879049676025918 0.146875
11 0.7764578833693305 0.15546875000000002 0.11879049676025918 0.1265625
11 0.19546436285097193 0.31796875 0.21382289416846653 0.1546875
11 0.7278617710583154 0.46328125000000003 0.12958963282937366 0.13593750000000002
11 0.6684665226781857 0.290625 0.20518358531317496 0.115625
11 0.5302375809935206 0.5484375 0.20518358531317496 0.246875
11 0.46112311015118795 0.7289062500000001 0.1144708423326134 0.09531250000000001
11 0.7127429805615552 0.70859375 0.10367170626349892 0.1265625
11 0.847732181425486 0.40625 0.07991360691144708 0.096875
11 0.8153347732181426 0.5750000000000001 0.20518358531317496 0.215625
11 0.22138228941684668 0.85546875 0.14470842332613393 0.1765625
