12 0.584375 0.6067415730337079 0.040625 0.14382022471910114
12 0.5945312500000001 0.40449438202247195 0.035937500000000004 0.14382022471910114
12 0.9328125 0.15730337078651688 0.043750000000000004 0.10786516853932585
12 0.7601562500000001 0.1707865168539326 0.1859375 0.18426966292134833
12 0.5375 0.7460674157303372 0.096875 0.09438202247191012
12 0.57265625 0.2168539325842697 0.0546875 0.21348314606741575
12 0.6640625 0.7719101123595506 0.043750000000000004 0.11460674157303372
12 0.759375 0.8247191011235956 0.15625 0.15280898876404495
12 0.07421875 0.5370786516853933 0.0484375 0.13483146067415733
12 0.09453125000000001 0.702247191011236 0.060937500000000006 0.21348314606741575
