12 0.1423841059602649 0.9070312500000001 0.0684326710816777 0.1265625
12 0.2737306843267108 0.515625 0.19426048565121412 0.171875
12 0.6037527593818984 0.115625 0.1434878587196468 0.12812500000000002
12 0.6578366445916115 0.7828125 0.18543046357615894 0.1625
12 0.8278145695364238 0.45703125 0.15011037527593818 0.1859375
12 0.2969094922737307 0.6515625 0.05077262693156733 0.096875
12 0.09161147902869757 0.71640625 0.17439293598233996 0.1546875
12 0.8852097130242825 0.44843750000000004 0.12362030905077262 0.20625000000000002
12 0.7218543046357616 0.7054687500000001 0.10596026490066225 0.13593750000000002
12 0.6280353200883002 0.51015625 0.1346578366445916 0.2265625
