12 0.34075723830734966 0.6953125 0.06681514476614699 0.040625
12 0.0378619153674833 0.22968750000000002 0.0757238307349666 0.146875
12 0.655902004454343 0.88828125 0.13140311804008908 0.1765625
12 0.47884187082405344 0.12187500000000001 0.11581291759465479 0.15625
12 0.6391982182628062 0.6039062500000001 0.09354120267260578 0.1765625
12 0.1403118040089087 0.3296875 0.12472160356347438 0.059375000000000004
12 0.4922048997772828 0.4578125 0.035634743875278395 0.037500000000000006
12 0.13919821826280623 0.784375 0.08685968819599109 0.16562500000000002
12 0.5155902004454342 0.37890625 0.13140311804008908 0.1765625
12 0.27616926503340755 0.63671875 0.09354120267260578 0.1859375
12 0.854120267260579 0.36796875 0.1403118040089087 0.1859375
