12 0.275 0.8386363636363636 0.16562500000000002 0.05909090909090909
12 0.06484375 0.7227272727272727 0.0328125 0.14545454545454545
12 0.36328125 0.6602272727272727 0.0578125 0.23409090909090907
12 0.640625 0.7261363636363636 0.009375000000000001 0.1340909090909091
12 0.7976562500000001 0.6511363636363636 0.0546875 0.175
12 0.15781250000000002 0.625 0.021875000000000002 0.09545454545454544
12 0.703125 0.5454545454545454 0.018750000000000003 0.24545454545454545
12 0.49921875000000004 0.6772727272727272 0.004687500000000001 0.09545454545454544
12 0.48203125 0.8602272727272727 0.045312500000000006 0.175
12 0.8765625 0.5420454545454545 0.0125 0.175
