12 0.5296875 0.34513274336283184 0.028125 0.12389380530973451
12 0.54609375 0.5055309734513275 0.029687500000000002 0.24557522123893805
12 0.42734375 0.23561946902654868 0.0140625 0.1836283185840708
12 0.8562500000000001 0.7168141592920354 0.05625 0.20353982300884954
12 0.26328125 0.7676991150442478 0.0171875 0.15486725663716813
12 0.42500000000000004 0.5199115044247787 0.05 0.15486725663716813
12 0.90625 0.3396017699115044 0.034375 0.13495575221238937
12 0.7820312500000001 0.7057522123893806 0.07968750000000001 0.2345132743362832
12 0.58828125 0.5254424778761062 0.010937500000000001 0.13053097345132744
12 0.8796875000000001 0.29867256637168144 0.018750000000000003 0.2345132743362832
12 0.8226562500000001 0.09955752212389381 0.0421875 0.15486725663716813
12 0.59296875 0.37057522123893805 0.0390625 0.1747787610619469
