12 0.6572668112798264 0.9320312500000001 0.10412147505422994 0.051562500000000004
12 0.10412147505422994 0.59765625 0.09544468546637744 0.045312500000000006
12 0.26898047722342733 0.9203125000000001 0.04772234273318872 0.096875
12 0.2386117136659436 0.45546875000000003 0.11279826464208244 0.2265625
12 0.8980477223427332 0.85859375 0.09544468546637744 0.045312500000000006
12 0.49023861171366595 0.9343750000000001 0.23427331887201736 0.115625
12 0.2874186550976139 0.2 0.07592190889370933 0.10625000000000001
12 0.8177874186550976 0.54296875 0.0911062906724512 0.1765625
12 0.22668112798264642 0.7039062500000001 0.10629067245119306 0.1859375
12 0.210412147505423 0.59609375 0.09978308026030369 0.13593750000000002
12 0.26247288503253796 0.2609375 0.09544468546637744 0.16562500000000002
