12 0.032031250000000004 0.34004474272930646 0.0484375 0.1342281879194631
12 0.8359375 0.9217002237136465 0.037500000000000006 0.08501118568232661
12 0.9640625 0.6946308724832214 0.043750000000000004 0.15436241610738255
12 0.0578125 0.2807606263982103 0.043750000000000004 0.15436241610738255
12 0.27734375 0.48657718120805366 0.0671875 0.2348993288590604
12 0.50546875 0.2058165548098434 0.0484375 0.1342281879194631
12 0.6726562500000001 0.11409395973154363 0.035937500000000004 0.1297539149888143
12 0.22812500000000002 0.6387024608501118 0.053125000000000006 0.16331096196868009
12 0.36250000000000004 0.5648769574944071 0.05 0.16778523489932887
12 0.33437500000000003 0.7013422818791946 0.05 0.19463087248322147
12 0.1875 0.4888143176733781 0.05625 0.19463087248322147
