12 0.6179906542056074 0.6546875000000001 0.10981308411214953 0.19687500000000002
12 0.2978971962616822 0.45625000000000004 0.14719626168224298 0.171875
12 0.5841121495327103 0.27421875 0.11214953271028036 0.19843750000000002
12 0.6261682242990654 0.7359375 0.04672897196261682 0.05625
12 0.3212616822429906 0.5765625 0.1378504672897196 0.11875000000000001
12 0.22079439252336447 0.30625 0.18457943925233644 0.153125
12 0.858644859813084 0.8460937500000001 0.1425233644859813 0.2265625
12 0.491822429906542 0.47421875 0.1144859813084112 0.09531250000000001
12 0.1483644859813084 0.43046875 0.1939252336448598 0.2265625
12 0.7044392523364486 0.6648437500000001 0.1939252336448598 0.2265625
