12 0.08444444444444445 0.63046875 0.1688888888888889 0.2265625
12 0.7011111111111111 0.7210937500000001 0.10888888888888888 0.1859375
12 0.33444444444444443 0.8812500000000001 0.11333333333333333 0.215625
12 0.29 0.6570312500000001 0.07333333333333333 0.1265625
12 0.2411111111111111 0.52109375 0.10888888888888888 0.1859375
12 0.45 0.74765625 0.13555555555555557 0.06406250000000001
12 0.7433333333333333 0.12812500000000002 0.10444444444444445 0.05
12 0.3988888888888889 0.34687500000000004 0.10888888888888888 0.20625000000000002
12 0.8544444444444445 0.59765625 0.12222222222222222 0.1921875
12 0.8433333333333334 0.8796875000000001 0.08222222222222222 0.15625
12 0.7388888888888889 0.22187500000000002 0.09111111111111111 0.15625
