12 0.39296875000000003 0.7489361702127659 0.045312500000000006 0.19574468085106383
12 0.53046875 0.7680851063829788 0.1546875 0.2042553191489362
12 0.74921875 0.3553191489361702 0.0484375 0.15319148936170213
12 0.4390625 0.5606382978723404 0.13125 0.04893617021276596
12 0.08203125 0.3414893617021277 0.06406250000000001 0.2148936170212766
12 0.68515625 0.274468085106383 0.1546875 0.2042553191489362
12 0.8765625 0.8670212765957447 0.0625 0.24468085106382978
12 0.7703125000000001 0.6202127659574468 0.05 0.1595744680851064
12 0.35625 0.6031914893617021 0.0625 0.24468085106382978
12 0.66328125 0.19042553191489361 0.035937500000000004 0.2148936170212766
12 0.46953125 0.21063829787234042 0.045312500000000006 0.19574468085106383
12 0.30703125000000003 0.31063829787234043 0.0390625 0.225531914893617
