12 0.7273437500000001 0.27927927927927926 0.0578125 0.22522522522522523
12 0.33203125 0.8243243243243243 0.035937500000000004 0.14414414414414414
12 0.1703125 0.5878378378378378 0.05 0.19369369369369369
12 0.89609375 0.30518018018018017 0.0421875 0.1644144144144144
12 0.54921875 0.5472972972972973 0.0484375 0.13513513513513514
12 0.8390625 0.6317567567567568 0.16562500000000002 0.1644144144144144
12 0.6953125 0.4222972972972973 0.05625 0.1554054054054054
12 0.115625 0.5619369369369369 0.059375000000000004 0.21396396396396397
12 0.7390625000000001 0.8614864864864865 0.20625000000000002 0.20495495495495494
12 0.32656250000000003 0.5867117117117117 0.0625 0.1463963963963964
12 0.34609375000000003 0.3322072072072072 0.0390625 0.1554054054054054
12 0.9343750000000001 0.49774774774774777 0.059375000000000004 0.23423423423423423
