12 0.8880090497737557 0.8500000000000001 0.1742081447963801 0.171875
12 0.90158371040724 0.7406250000000001 0.12443438914027151 0.025
12 0.7409502262443439 0.33437500000000003 0.14705882352941177 0.17500000000000002
12 0.744343891402715 0.4390625 0.0995475113122172 0.19687500000000002
12 0.9400452488687784 0.19843750000000002 0.08371040723981901 0.246875
12 0.7533936651583711 0.2984375 0.0497737556561086 0.146875
12 0.329185520361991 0.3375 0.056561085972850686 0.20625000000000002
12 0.7115384615384616 0.19453125000000002 0.11085972850678734 0.23593750000000002
12 0.31674208144796384 0.84375 0.07239819004524888 0.146875
12 0.42420814479638014 0.21015625000000002 0.2149321266968326 0.2109375
12 0.3438914027149322 0.35859375000000004 0.24434389140271495 0.1640625
