12 0.41250000000000003 0.6754850088183422 0.037500000000000006 0.11992945326278659
12 0.33828125000000003 0.2495590828924162 0.045312500000000006 0.14638447971781304
12 0.31171875000000004 0.3474426807760141 0.0765625 0.23633156966490299
12 0.6687500000000001 0.07848324514991181 0.05 0.14638447971781304
12 0.45625000000000004 0.5573192239858906 0.06875 0.23633156966490299
12 0.6039062500000001 0.281305114638448 0.07968750000000001 0.24514991181657847
12 0.30000000000000004 0.9038800705467371 0.018750000000000003 0.13580246913580246
12 0.40390625 0.2742504409171076 0.0171875 0.12522045855379188
12 0.64609375 0.611111111111111 0.0671875 0.19576719576719576
12 0.05625 0.5079365079365079 0.06875 0.23633156966490299
12 0.28828125 0.3412698412698413 0.0578125 0.13580246913580246
12 0.2578125 0.6940035273368607 0.0625 0.1111111111111111
