12 0.19579646017699115 0.5265625 0.13495575221238937 0.1625
12 0.6769911504424778 0.496875 0.02654867256637168 0.115625
12 0.5796460176991151 0.13125 0.10619469026548672 0.1375
12 0.7278761061946902 0.7859375000000001 0.17699115044247787 0.17500000000000002
12 0.3893805309734513 0.8210937500000001 0.09734513274336283 0.1765625
12 0.3661504424778761 0.878125 0.06858407079646017 0.10625000000000001
12 0.16039823008849557 0.30390625000000004 0.06858407079646017 0.1265625
12 0.5575221238938053 0.8609375 0.20353982300884954 0.034375
12 0.8296460176991151 0.2421875 0.1415929203539823 0.20625000000000002
12 0.07190265486725664 0.51171875 0.046460176991150445 0.07968750000000001
