12 0.45156250000000003 0.8629032258064516 0.078125 0.1543778801843318
12 0.509375 0.8652073732718893 0.034375 0.20506912442396313
12 0.12187500000000001 0.5241935483870968 0.009375000000000001 0.14516129032258066
12 0.375 0.793778801843318 0.046875 0.14516129032258066
12 0.23750000000000002 0.5011520737327189 0.034375 0.14516129032258066
12 0.49062500000000003 0.8559907834101382 0.05 0.12211981566820276
12 0.17421875 0.1497695852534562 0.026562500000000003 0.1152073732718894
12 0.8851562500000001 0.47235023041474655 0.0921875 0.18433179723502305
12 0.096875 0.059907834101382486 0.034375 0.1152073732718894
12 0.5437500000000001 0.28225806451612906 0.046875 0.14516129032258066
12 0.53515625 0.5702764976958525 0.06406250000000001 0.20506912442396313
12 0.9320312500000001 0.4412442396313364 0.0234375 0.10368663594470046
