12 0.055468750000000004 0.45454545454545453 0.060937500000000006 0.07792207792207792
12 0.6625000000000001 0.3971861471861472 0.10312500000000001 0.17532467532467533
12 0.5109375 0.4090909090909091 0.021875000000000002 0.09523809523809523
12 0.030468750000000003 0.3463203463203463 0.0171875 0.1341991341991342
12 0.46015625000000004 0.7857142857142857 0.035937500000000004 0.12554112554112554
12 0.11328125 0.37445887445887444 0.035937500000000004 0.22510822510822512
12 0.51875 0.20454545454545456 0.037500000000000006 0.14935064935064934
12 0.31640625 0.15043290043290045 0.22968750000000002 0.24458874458874458
12 0.41250000000000003 0.6731601731601732 0.12187500000000001 0.1645021645021645
12 0.55078125 0.3246753246753247 0.0484375 0.19480519480519481
12 0.078125 0.5508658008658008 0.028125 0.21428571428571427
