12 0.06875 0.3058690744920993 0.07500000000000001 0.22347629796839727
12 0.40937500000000004 0.18284424379232503 0.078125 0.2347629796839729
12 0.6078125000000001 0.8611738148984198 0.07187500000000001 0.22347629796839727
12 0.37812500000000004 0.7279909706546275 0.037500000000000006 0.16478555304740405
12 0.5203125000000001 0.5857787810383747 0.037500000000000006 0.11512415349887133
12 0.50234375 0.6015801354401805 0.026562500000000003 0.11512415349887133
12 0.51484375 0.765237020316027 0.13593750000000002 0.04514672686230248
12 0.146875 0.3893905191873589 0.146875 0.05191873589164785
12 0.5085937500000001 0.3927765237020316 0.0203125 0.0948081264108352
12 0.84375 0.6173814898419864 0.015625 0.1693002257336343
12 0.87421875 0.8239277652370203 0.0484375 0.18510158013544017
