12 0.22734375 0.6080178173719376 0.1859375 0.18262806236080179
12 0.28359375000000003 0.3708240534521158 0.06406250000000001 0.22494432071269488
12 0.3796875 0.38530066815144765 0.146875 0.14253897550111358
12 0.20546875 0.6102449888641425 0.0671875 0.23162583518930957
12 0.7890625 0.32516703786191536 0.043750000000000004 0.17371937639198218
12 0.6171875 0.732739420935412 0.059375000000000004 0.20489977728285078
12 0.85078125 0.4988864142538975 0.1859375 0.18262806236080179
12 0.45390625 0.6202672605790646 0.0859375 0.23385300668151446
12 0.05625 0.3273942093541203 0.10625000000000001 0.10244988864142539
12 0.6039062500000001 0.3908685968819599 0.2265625 0.22048997772828507
