12 0.85 0.4609375 0.23478260869565218 0.115625
12 0.3815217391304348 0.68515625 0.08478260869565217 0.1765625
12 0.9271739130434783 0.49609375 0.10652173913043478 0.1859375
12 0.7739130434782608 0.8328125000000001 0.14347826086956522 0.19687500000000002
12 0.5413043478260869 0.28359375000000003 0.1 0.1765625
12 0.3010869565217391 0.33828125000000003 0.06304347826086956 0.1265625
12 0.42282608695652174 0.634375 0.08043478260869566 0.15625
12 0.07065217391304347 0.1875 0.058695652173913045 0.06875
12 0.3652173913043478 0.6484375 0.13478260869565217 0.065625
12 0.6597826086956522 0.51796875 0.06739130434782609 0.1265625
12 0.5217391304347826 0.1703125 0.09565217391304348 0.16562500000000002
