12 0.521875 0.16511627906976745 0.034375 0.19534883720930232
12 0.7585937500000001 0.12441860465116279 0.0234375 0.12325581395348836
12 0.3796875 0.3372093023255814 0.1875 0.21395348837209302
12 0.7898437500000001 0.9197674418604651 0.0140625 0.12325581395348836
12 0.8382812500000001 0.5430232558139535 0.20468750000000002 0.23488372093023255
12 0.48281250000000003 0.577906976744186 0.14375000000000002 0.21627906976744185
12 0.21171875 0.2755813953488372 0.0203125 0.16511627906976745
12 0.7781250000000001 0.10930232558139535 0.1125 0.20465116279069767
12 0.61328125 0.5465116279069767 0.1171875 0.21395348837209302
12 0.02421875 0.7267441860465116 0.0328125 0.18372093023255814
12 0.17578125 0.8034883720930233 0.0171875 0.12325581395348836
12 0.5554687500000001 0.3174418604651163 0.0421875 0.18372093023255814
