12 0.721868365180467 0.5234375 0.14861995753715498 0.20625000000000002
12 0.5902335456475584 0.24296875 0.06794055201698514 0.13593750000000002
12 0.7154989384288747 0.753125 0.14437367303609341 0.07187500000000001
12 0.8779193205944799 0.8875000000000001 0.12101910828025478 0.215625
12 0.12420382165605096 0.8390625 0.07430997876857749 0.10625000000000001
12 0.49469214437367304 0.30546875 0.09341825902335456 0.1859375
12 0.3609341825902335 0.5765625 0.06794055201698514 0.09375
12 0.8481953290870489 0.18281250000000002 0.1762208067940552 0.246875
12 0.3768577494692144 0.42500000000000004 0.11677282377919321 0.20625000000000002
12 0.9065817409766455 0.60078125 0.1613588110403397 0.2265625
