12 0.8578125000000001 0.8192640692640693 0.084375 0.14502164502164502
12 0.09765625 0.8095238095238095 0.0484375 0.1645021645021645
12 0.59296875 0.7586580086580087 0.0546875 0.14502164502164502
12 0.2171875 0.14935064935064934 0.015625 0.0735930735930736
12 0.51796875 0.6244588744588745 0.0921875 0.18398268398268397
12 0.81015625 0.07251082251082251 0.0578125 0.11471861471861472
12 0.5578125 0.4199134199134199 0.015625 0.1038961038961039
12 0.67890625 0.816017316017316 0.0328125 0.1341991341991342
12 0.48828125 0.6753246753246753 0.2265625 0.09956709956709957
12 0.13671875 0.6298701298701299 0.0390625 0.1341991341991342
12 0.6312500000000001 0.4805194805194805 0.025 0.1038961038961039
