12 0.7156250000000001 0.6753022452504317 0.19687500000000002 0.1485319516407599
12 0.09765625 0.6683937823834196 0.0890625 0.22797927461139894
12 0.2 0.8100172711571675 0.10625000000000001 0.07944732297063903
12 0.53046875 0.658894645941278 0.045312500000000006 0.09499136442141623
12 0.09453125000000001 0.1303972366148532 0.09843750000000001 0.20552677029360966
12 0.359375 0.731433506044905 0.16562500000000002 0.12607944732297063
12 0.1625 0.49740932642487046 0.078125 0.16580310880829013
12 0.56484375 0.35751295336787564 0.23593750000000002 0.17962003454231432
12 0.88203125 0.6433506044905009 0.1765625 0.1329879101899827
12 0.6625000000000001 0.7728842832469776 0.13125 0.09153713298791019
12 0.6421875 0.5457685664939551 0.037500000000000006 0.09326424870466321
