12 0.26484375 0.9258872651356993 0.035937500000000004 0.13569937369519833
12 0.7484375000000001 0.3549060542797494 0.08125 0.22546972860125258
12 0.41250000000000003 0.27453027139874736 0.05625 0.19415448851774528
12 0.7585937500000001 0.5626304801670146 0.0734375 0.21503131524008348
12 0.51015625 0.5542797494780792 0.0546875 0.1983298538622129
12 0.184375 0.15762004175365343 0.053125000000000006 0.18580375782881
12 0.8078125 0.6711899791231732 0.059375000000000004 0.1774530271398747
12 0.14765625000000002 0.9008350730688934 0.010937500000000001 0.13569937369519833
12 0.23750000000000002 0.6075156576200417 0.246875 0.08350730688935282
12 0.7523437500000001 0.7933194154488517 0.23593750000000002 0.07933194154488517
12 0.47421875 0.47077244258872647 0.0578125 0.21503131524008348
