12 0.9248826291079812 0.34765625 0.10328638497652583 0.1859375
12 0.3274647887323944 0.42578125 0.13380281690140847 0.2109375
12 0.5704225352112676 0.6625000000000001 0.07511737089201878 0.1125
12 0.5328638497652582 0.6421875 0.12206572769953052 0.15625
12 0.7769953051643192 0.628125 0.10328638497652583 0.16562500000000002
12 0.40962441314553993 0.42578125 0.06807511737089202 0.1265625
12 0.31690140845070425 0.55859375 0.18779342723004694 0.23593750000000002
12 0.6056338028169014 0.75 0.09859154929577466 0.1625
12 0.5164319248826291 0.67578125 0.09859154929577466 0.1765625
12 0.7007042253521127 0.5359375000000001 0.08685446009389672 0.15625
