12 0.5361990950226245 0.23593750000000002 0.16742081447963802 0.20625000000000002
12 0.5294117647058824 0.92578125 0.08144796380090498 0.13593750000000002
12 0.7590497737556562 0.640625 0.16968325791855204 0.20625000000000002
12 0.660633484162896 0.1921875 0.09502262443438915 0.115625
12 0.08371040723981901 0.18125000000000002 0.09502262443438915 0.115625
12 0.7386877828054299 0.39296875000000003 0.18325791855203621 0.2265625
12 0.5520361990950227 0.7445312500000001 0.1809954751131222 0.2265625
12 0.4457013574660634 0.36015625 0.08144796380090498 0.13593750000000002
12 0.34954751131221723 0.68359375 0.07466063348416291 0.13593750000000002
12 0.6085972850678734 0.8640625000000001 0.1085972850678733 0.16875
