12 0.4616228070175438 0.5671875000000001 0.05043859649122807 0.10625000000000001
12 0.04824561403508772 0.15546875000000002 0.06140350877192982 0.1859375
12 0.20285087719298245 0.41328125000000004 0.08552631578947367 0.15156250000000002
12 0.8081140350877193 0.61328125 0.1820175438596491 0.18281250000000002
12 0.31469298245614036 0.5171875 0.05482456140350877 0.08750000000000001
12 0.10307017543859648 0.1796875 0.06140350877192982 0.15625
12 0.43859649122807015 0.6726562500000001 0.06140350877192982 0.1265625
12 0.21271929824561403 0.24375000000000002 0.10087719298245613 0.20625000000000002
12 0.9418859649122806 0.16328125000000002 0.08552631578947367 0.1203125
12 0.9298245614035088 0.8890625000000001 0.10087719298245613 0.20625000000000002
