12 0.8907657657657657 0.2421875 0.11036036036036036 0.146875
12 0.2376126126126126 0.028125 0.11486486486486486 0.053125000000000006
12 0.47184684684684686 0.19921875 0.07432432432432433 0.1265625
12 0.5855855855855856 0.534375 0.07657657657657657 0.146875
12 0.44481981981981983 0.46796875000000004 0.13288288288288289 0.1765625
12 0.375 0.9242187500000001 0.1554054054054054 0.0734375
12 0.12950450450450451 0.19062500000000002 0.08333333333333333 0.15625
12 0.7083333333333334 0.1078125 0.06081081081081081 0.10312500000000001
12 0.134009009009009 0.86640625 0.11036036036036036 0.1609375
12 0.40202702702702703 0.7117187500000001 0.1554054054054054 0.0734375
12 0.5 0.09062500000000001 0.18468468468468469 0.08750000000000001
