12 0.029687500000000002 0.5657894736842105 0.018750000000000003 0.22368421052631576
12 0.6578125 0.6655701754385964 0.046875 0.20394736842105263
12 0.5453125 0.38048245614035087 0.046875 0.20394736842105263
12 0.17578125 0.5625 0.0703125 0.1337719298245614
12 0.057031250000000006 0.8728070175438596 0.0546875 0.2149122807017544
12 0.33046875000000003 0.3048245614035088 0.010937500000000001 0.15350877192982454
12 0.35000000000000003 0.10087719298245613 0.043750000000000004 0.17543859649122806
12 0.084375 0.8223684210526315 0.11875000000000001 0.22368421052631576
12 0.2421875 0.6600877192982456 0.05625 0.24561403508771928
12 0.43203125000000003 0.8771929824561403 0.0390625 0.17543859649122806
12 0.28515625 0.5767543859649122 0.0390625 0.14473684210526316
