12 0.89453125 0.8461538461538461 0.06406250000000001 0.17715617715617715
12 0.44843750000000004 0.5990675990675991 0.05625 0.20512820512820512
12 0.47578125000000004 0.7016317016317016 0.0578125 0.2331002331002331
12 0.9710937500000001 0.2261072261072261 0.035937500000000004 0.1351981351981352
12 0.8890625000000001 0.6363636363636364 0.05 0.1445221445221445
12 0.66171875 0.5745920745920746 0.18906250000000002 0.19347319347319347
12 0.25078125 0.817016317016317 0.026562500000000003 0.11421911421911422
12 0.95625 0.351981351981352 0.05 0.20512820512820512
12 0.17578125 0.1888111888111888 0.19843750000000002 0.20512820512820512
12 0.6687500000000001 0.25524475524475526 0.053125000000000006 0.19347319347319347
12 0.10703125000000001 0.36363636363636365 0.06406250000000001 0.2331002331002331
