12 0.259375 0.1415525114155251 0.05 0.2146118721461187
12 0.8210937500000001 0.4737442922374429 0.029687500000000002 0.14383561643835616
12 0.059375000000000004 0.7408675799086758 0.028125 0.18493150684931506
12 0.22734375 0.7054794520547945 0.1234375 0.1735159817351598
12 0.5546875 0.7831050228310502 0.028125 0.1552511415525114
12 0.4609375 0.16095890410958902 0.18125000000000002 0.20319634703196346
12 0.20625000000000002 0.634703196347032 0.05 0.2146118721461187
12 0.34609375000000003 0.1872146118721461 0.0390625 0.1095890410958904
12 0.42890625000000004 0.319634703196347 0.15156250000000002 0.2146118721461187
12 0.49921875000000004 0.5068493150684932 0.029687500000000002 0.2237442922374429
12 0.9382812500000001 0.10616438356164383 0.0328125 0.14383561643835616
12 0.8796875000000001 0.8253424657534246 0.028125 0.13470319634703196
