12 0.46895074946466814 0.8671875 0.13704496788008566 0.20625000000000002
12 0.867237687366167 0.4546875 0.059957173447537475 0.096875
12 0.25267665952890794 0.09843750000000001 0.021413276231263385 0.109375
12 0.3094218415417559 0.5703125 0.10492505353319058 0.215625
12 0.5792291220556746 0.49296875 0.10492505353319058 0.23593750000000002
12 0.7077087794432548 0.56640625 0.10492505353319058 0.0171875
12 0.797644539614561 0.61328125 0.11777301927194861 0.1765625
12 0.5449678800856531 0.8289062500000001 0.07066381156316917 0.13593750000000002
12 0.1563169164882227 0.3984375 0.047109207708779445 0.096875
12 0.4582441113490364 0.1234375 0.24411134903640258 0.043750000000000004
12 0.6017130620985011 0.7953125000000001 0.05139186295503212 0.10625000000000001
12 0.2548179871520343 0.1375 0.19271948608137046 0.19062500000000002
