12 0.26004464285714285 0.77890625 0.11383928571428571 0.2265625
12 0.4464285714285714 0.8078125 0.03571428571428571 0.115625
12 0.10602678571428571 0.63828125 0.06473214285714285 0.1015625
12 0.20200892857142855 0.27578125000000003 0.2075892857142857 0.0390625
12 0.5022321428571428 0.22890625 0.04464285714285714 0.0890625
12 0.19084821428571427 0.9031250000000001 0.08258928571428571 0.153125
12 0.31138392857142855 0.3484375 0.033482142857142856 0.146875
12 0.3984375 0.403125 0.05133928571428571 0.10625000000000001
12 0.23549107142857142 0.35625 0.078125 0.16562500000000002
12 0.6149553571428571 0.31328125 0.10491071428571427 0.09843750000000001
12 0.7667410714285714 0.56015625 0.12276785714285714 0.1765625
