12 0.7226107226107226 0.7664062500000001 0.1351981351981352 0.11093750000000001
12 0.40675990675990675 0.27890625 0.12354312354312354 0.23593750000000002
12 0.3811188811188811 0.7156250000000001 0.04895104895104895 0.146875
12 0.7191142191142191 0.08984375 0.02564102564102564 0.0734375
12 0.5699300699300699 0.30546875 0.13286713286713286 0.1546875
12 0.8275058275058275 0.5171875 0.04195804195804196 0.10625000000000001
12 0.10023310023310024 0.74765625 0.16317016317016317 0.0328125
12 0.5885780885780886 0.4859375 0.06293706293706294 0.20625000000000002
12 0.40093240093240096 0.7265625 0.15384615384615385 0.1
12 0.19696969696969696 0.49765625 0.19347319347319347 0.1859375
