13 0.96640625 0.5158562367864694 0.0484375 0.2452431289640592
13 0.5476562500000001 0.3477801268498943 0.045312500000000006 0.1839323467230444
13 0.6453125000000001 0.3572938689217759 0.03125 0.1649048625792812
13 0.31796875 0.2758985200845666 0.045312500000000006 0.23044397463002114
13 0.6890625 0.5158562367864694 0.053125000000000006 0.2156448202959831
13 0.8382812500000001 0.6617336152219874 0.035937500000000004 0.22832980972515857
13 0.76484375 0.4101479915433404 0.045312500000000006 0.22410147991543342
13 0.084375 0.6120507399577167 0.021875000000000002 0.12473572938689219
13 0.8695312500000001 0.7219873150105709 0.035937500000000004 0.1754756871035941
13 0.7046875 0.7177589852008457 0.037500000000000006 0.19238900634249473
