13 0.39327146171693733 0.5234375 0.03944315545243619 0.10625000000000001
13 0.46867749419953597 0.9007812500000001 0.05104408352668213 0.1265625
13 0.20185614849187933 0.1265625 0.04640371229698376 0.096875
13 0.38747099767981436 0.765625 0.09280742459396751 0.215625
13 0.6392111368909512 0.12578125 0.05336426914153132 0.13593750000000002
13 0.09280742459396751 0.37031250000000004 0.08352668213457076 0.215625
13 0.5661252900232019 0.7312500000000001 0.07888631090487239 0.15625
13 0.8178654292343387 0.0546875 0.03944315545243619 0.10625000000000001
13 0.7645011600928074 0.63828125 0.1136890951276102 0.2265625
13 0.7204176334106728 0.290625 0.03480278422273782 0.096875
13 0.8364269141531322 0.64375 0.03480278422273782 0.096875
13 0.820185614849188 0.3765625 0.07192575406032482 0.146875
