13 0.565625 0.408207343412527 0.025 0.10799136069114472
13 0.81953125 0.879049676025918 0.0921875 0.19438444924406048
13 0.8148437500000001 0.25053995680345575 0.07968750000000001 0.13390928725701945
13 0.56015625 0.9287257019438445 0.09531250000000001 0.12526997840172788
13 0.25 0.6868250539956804 0.015625 0.16414686825053998
13 0.08046875 0.1511879049676026 0.0328125 0.10367170626349892
13 0.12187500000000001 0.8412526997840173 0.06875 0.21382289416846653
13 0.3375 0.0734341252699784 0.040625 0.13390928725701945
13 0.84296875 0.480561555075594 0.0234375 0.183585313174946
13 0.7828125 0.5464362850971922 0.034375 0.15550755939524838
13 0.71875 0.316414686825054 0.140625 0.183585313174946
