13 0.1185897435897436 0.4234375 0.05341880341880342 0.134375
13 0.7681623931623932 0.24140625000000002 0.06623931623931624 0.1859375
13 0.7767094017094018 0.89453125 0.04487179487179488 0.1265625
13 0.6036324786324787 0.5828125000000001 0.05341880341880342 0.115625
13 0.389957264957265 0.759375 0.0405982905982906 0.1125
13 0.8611111111111112 0.27421875 0.08547008547008547 0.23593750000000002
13 0.7831196581196582 0.54140625 0.061965811965811975 0.1765625
13 0.26282051282051283 0.6468750000000001 0.05982905982905984 0.115625
13 0.467948717948718 0.8757812500000001 0.11111111111111112 0.23593750000000002
13 0.5555555555555556 0.6609375000000001 0.038461538461538464 0.115625
