13 0.5085937500000001 0.16666666666666669 0.0484375 0.18376068376068377
13 0.30625 0.233974358974359 0.018750000000000003 0.10470085470085472
13 0.03359375 0.8354700854700855 0.0234375 0.11538461538461539
13 0.3640625 0.3354700854700855 0.037500000000000006 0.15384615384615385
13 0.4109375 0.12713675213675216 0.043750000000000004 0.2371794871794872
13 0.6203125 0.30982905982905984 0.037500000000000006 0.16666666666666669
13 0.5328125 0.7243589743589745 0.028125 0.17521367521367523
13 0.21015625000000002 0.7660256410256411 0.0546875 0.2243589743589744
13 0.028125 0.28632478632478636 0.034375 0.1452991452991453
13 0.19921875 0.8376068376068377 0.0421875 0.20512820512820515
13 0.3015625 0.29273504273504275 0.025 0.0982905982905983
13 0.2734375 0.21901709401709404 0.037500000000000006 0.20299145299145302
