13 0.2631004366812227 0.846875 0.185589519650655 0.125
13 0.5665938864628821 0.12812500000000002 0.08951965065502183 0.146875
13 0.3209606986899563 0.42265625 0.0611353711790393 0.1921875
13 0.8962882096069869 0.6484375 0.06331877729257641 0.215625
13 0.2281659388646288 0.26171875 0.07641921397379912 0.1859375
13 0.09061135371179038 0.34140625 0.14628820960698688 0.23593750000000002
13 0.8624454148471615 0.1453125 0.1615720524017467 0.19687500000000002
13 0.04912663755458515 0.8500000000000001 0.05895196506550218 0.19687500000000002
13 0.12336244541484716 0.609375 0.05895196506550218 0.23125
13 0.4989082969432314 0.29296875 0.15502183406113537 0.1046875
