13 0.8265625000000001 0.5251716247139588 0.037500000000000006 0.16704805491990846
13 0.6039062500000001 0.5938215102974829 0.029687500000000002 0.1945080091533181
13 0.8484375000000001 0.6372997711670481 0.025 0.13501144164759726
13 0.12187500000000001 0.40160183066361554 0.037500000000000006 0.18077803203661327
13 0.859375 0.7597254004576659 0.037500000000000006 0.2242562929061785
13 0.52265625 0.562929061784897 0.0734375 0.16475972540045766
13 0.465625 0.18649885583524028 0.03125 0.1945080091533181
13 0.8656250000000001 0.2917620137299771 0.021875000000000002 0.10755148741418764
13 0.7515625 0.5812356979405034 0.037500000000000006 0.18764302059496568
13 0.6507812500000001 0.30320366132723114 0.029687500000000002 0.14874141876430205
