13 0.6726562500000001 0.613013698630137 0.0390625 0.23972602739726026
13 0.57578125 0.2682648401826484 0.0140625 0.09817351598173515
13 0.5867187500000001 0.136986301369863 0.0140625 0.0821917808219178
13 0.6984375 0.4178082191780822 0.025 0.1552511415525114
13 0.35859375000000004 0.7922374429223744 0.026562500000000003 0.1643835616438356
13 0.76171875 0.4977168949771689 0.026562500000000003 0.1643835616438356
13 0.49765625 0.732876712328767 0.0203125 0.1232876712328767
13 0.15703125 0.091324200913242 0.2265625 0.1552511415525114
13 0.19765625 0.5251141552511416 0.026562500000000003 0.1643835616438356
13 0.95078125 0.2568493150684931 0.0328125 0.09360730593607305
13 0.15000000000000002 0.46803652968036524 0.028125 0.2146118721461187
13 0.37812500000000004 0.38013698630136983 0.084375 0.23515981735159816
