13 0.8914062500000001 0.4678111587982833 0.0203125 0.09871244635193133
13 0.134375 0.40236051502145925 0.037500000000000006 0.08798283261802575
13 0.284375 0.22746781115879827 0.059375000000000004 0.15450643776824036
13 0.0234375 0.29935622317596566 0.028125 0.16523605150214593
13 0.34765625 0.08047210300429185 0.0203125 0.11373390557939914
13 0.5390625 0.7564377682403434 0.040625 0.23390557939914164
13 0.22812500000000002 0.4699570815450644 0.03125 0.18454935622317598
13 0.39375000000000004 0.4238197424892704 0.037500000000000006 0.22532188841201717
13 0.290625 0.9045064377682404 0.037500000000000006 0.11802575107296137
13 0.21250000000000002 0.5182403433476395 0.018750000000000003 0.1351931330472103
13 0.675 0.17703862660944206 0.043750000000000004 0.14377682403433475
13 0.978125 0.27360515021459225 0.03125 0.10515021459227468
