13 0.07982261640798226 0.4546875 0.05321507760532151 0.146875
13 0.8337028824833703 0.15625 0.07538802660753881 0.20625000000000002
13 0.2328159645232816 0.45156250000000003 0.03991130820399113 0.115625
13 0.9401330376940134 0.35078125000000004 0.08869179600886917 0.23593750000000002
13 0.7904656319290465 0.6859375000000001 0.037694013303769404 0.10625000000000001
13 0.48226164079822614 0.41328125000000004 0.03325942350332594 0.060937500000000006
13 0.8203991130820399 0.353125 0.057649667405764965 0.15625
13 0.4268292682926829 0.6125 0.037694013303769404 0.096875
13 0.06097560975609756 0.7734375 0.037694013303769404 0.10625000000000001
13 0.49667405764966743 0.09375 0.05321507760532151 0.146875
13 0.48226164079822614 0.5671875000000001 0.082039911308204 0.19687500000000002
