13 0.9452789699570815 0.37812500000000004 0.07510729613733906 0.225
13 0.25858369098712447 0.38515625000000003 0.13090128755364808 0.2265625
13 0.41416309012875535 0.8296875 0.18454935622317598 0.0625
13 0.7982832618025751 0.8234375 0.060085836909871244 0.10625000000000001
13 0.5740343347639485 0.05625 0.032188841201716736 0.096875
13 0.898068669527897 0.1921875 0.04935622317596566 0.15625
13 0.23283261802575106 0.2984375 0.06223175965665236 0.021875000000000002
13 0.4678111587982833 0.28203125 0.0815450643776824 0.23593750000000002
13 0.9688841201716738 0.34453125 0.0407725321888412 0.1265625
13 0.43991416309012876 0.3296875 0.14163090128755365 0.246875
13 0.1072961373390558 0.7328125000000001 0.07725321888412018 0.03125
