13 0.5328125 0.5925110132158591 0.20625000000000002 0.13656387665198239
13 0.665625 0.8061674008810573 0.07187500000000001 0.19383259911894274
13 0.796875 0.17290748898678415 0.034375 0.20484581497797358
13 0.63203125 0.37885462555066085 0.0421875 0.11453744493392072
13 0.6843750000000001 0.2444933920704846 0.037500000000000006 0.2246696035242291
13 0.42578125 0.7610132158590309 0.0140625 0.07268722466960353
13 0.14375000000000002 0.2169603524229075 0.040625 0.2444933920704846
13 0.05859375 0.8259911894273129 0.0546875 0.18502202643171808
13 0.28046875 0.893171806167401 0.045312500000000006 0.12555066079295155
13 0.36640625000000004 0.6376651982378855 0.0203125 0.13436123348017623
13 0.20546875 0.40859030837004406 0.035937500000000004 0.12555066079295155
