13 0.596875 0.4774590163934426 0.034375 0.20491803278688525
13 0.60078125 0.09118852459016394 0.0390625 0.125
13 0.89453125 0.1209016393442623 0.0328125 0.18442622950819673
13 0.60703125 0.5491803278688525 0.06406250000000001 0.20491803278688525
13 0.7562500000000001 0.7028688524590164 0.10625000000000001 0.06147540983606558
13 0.28984375 0.45491803278688525 0.026562500000000003 0.18442622950819673
13 0.7898437500000001 0.9098360655737705 0.0203125 0.11475409836065574
13 0.98359375 0.8903688524590164 0.0140625 0.10450819672131148
13 0.77109375 0.7438524590163935 0.0484375 0.1557377049180328
13 0.41718750000000004 0.6362704918032788 0.15625 0.08401639344262296
13 0.859375 0.3698770491803279 0.025 0.14549180327868852
13 0.6828125 0.8545081967213115 0.0125 0.09426229508196722
