13 0.26496674057649666 0.6664062500000001 0.0066518847006651885 0.0171875
13 0.32483370288248337 0.2625 0.037694013303769404 0.115625
13 0.30598669623059865 0.71640625 0.07982261640798226 0.23593750000000002
13 0.22727272727272727 0.6062500000000001 0.06873614190687362 0.20625000000000002
13 0.6574279379157428 0.1484375 0.07760532150776053 0.215625
13 0.02993348115299335 0.33906250000000004 0.03325942350332594 0.078125
13 0.5953436807095344 0.6953125 0.050997782705099776 0.15625
13 0.7727272727272727 0.21953125 0.037694013303769404 0.13593750000000002
13 0.30376940133037694 0.76875 0.11529933481152993 0.15625
13 0.5776053215077606 0.8390625 0.05543237250554324 0.15625
13 0.6862527716186253 0.421875 0.028824833702882482 0.096875
