13 0.1484375 0.6916859122401847 0.015625 0.03926096997690531
13 0.65234375 0.2921478060046189 0.035937500000000004 0.23325635103926096
13 0.14609375 0.6466512702078522 0.2265625 0.15704387990762125
13 0.42890625000000004 0.4665127020785219 0.029687500000000002 0.19399538106235564
13 0.025 0.37528868360277134 0.034375 0.21478060046189376
13 0.15000000000000002 0.16050808314087758 0.0125 0.09468822170900693
13 0.13125 0.42494226327944573 0.021875000000000002 0.14318706697459585
13 0.0625 0.5404157043879908 0.03125 0.16628175519630484
13 0.5359375000000001 0.569284064665127 0.10625000000000001 0.07159353348729793
13 0.13671875 0.8602771362586605 0.0203125 0.16397228637413394
13 0.54453125 0.4607390300230947 0.0546875 0.15473441108545036
