13 0.6484375 0.4988738738738739 0.015625 0.08783783783783784
13 0.5765625 0.6936936936936937 0.025 0.14414414414414414
13 0.42421875000000003 0.5765765765765766 0.045312500000000006 0.19369369369369369
13 0.5390625 0.5788288288288288 0.03125 0.18468468468468469
13 0.19296875000000002 0.7387387387387387 0.0328125 0.18468468468468469
13 0.6796875 0.5878378378378378 0.028125 0.14414414414414414
13 0.35781250000000003 0.38288288288288286 0.053125000000000006 0.22522522522522523
13 0.72421875 0.7680180180180181 0.0421875 0.23423423423423423
13 0.69140625 0.884009009009009 0.029687500000000002 0.21396396396396397
13 0.83203125 0.28716216216216217 0.0421875 0.18693693693693694
13 0.43203125000000003 0.2072072072072072 0.045312500000000006 0.19369369369369369
