13 0.01953125 0.6648936170212766 0.0390625 0.1851063829787234
13 0.039843750000000004 0.3829787234042553 0.035937500000000004 0.19574468085106383
13 0.31562500000000004 0.16595744680851063 0.05 0.2042553191489362
13 0.68125 0.7489361702127659 0.034375 0.18297872340425533
13 0.665625 0.41702127659574467 0.043750000000000004 0.2042553191489362
13 0.2609375 0.3872340425531915 0.040625 0.19574468085106383
13 0.47578125000000004 0.5021276595744681 0.0421875 0.16595744680851063
13 0.52578125 0.8691489361702128 0.029687500000000002 0.16382978723404257
13 0.96796875 0.652127659574468 0.051562500000000004 0.21063829787234042
13 0.7585937500000001 0.5372340425531915 0.029687500000000002 0.12553191489361704
13 0.1625 0.2680851063829787 0.046875 0.225531914893617
13 0.19843750000000002 0.8680851063829788 0.028125 0.1021276595744681
