13 0.9546875 0.7648936170212766 0.028125 0.09574468085106383
13 0.1921875 0.5425531914893618 0.07500000000000001 0.2127659574468085
13 0.6171875 0.7329787234042553 0.034375 0.24468085106382978
13 0.8812500000000001 0.6031914893617021 0.018750000000000003 0.08297872340425531
13 0.5867187500000001 0.3180851063829787 0.0203125 0.12553191489361704
13 0.6507812500000001 0.6819148936170213 0.0203125 0.12553191489361704
13 0.19843750000000002 0.7042553191489361 0.246875 0.1574468085106383
13 0.6765625000000001 0.4106382978723404 0.040625 0.225531914893617
13 0.81015625 0.4521276595744681 0.051562500000000004 0.13404255319148936
13 0.96015625 0.3829787234042553 0.0421875 0.23404255319148937
13 0.921875 0.43617021276595747 0.053125000000000006 0.17446808510638298
