13 0.73 0.1 0.08222222222222222 0.19687500000000002
13 0.5177777777777778 0.6585937500000001 0.07555555555555556 0.19843750000000002
13 0.2088888888888889 0.51484375 0.07111111111111111 0.1859375
13 0.8722222222222222 0.4234375 0.05555555555555555 0.115625
13 0.7022222222222222 0.2625 0.07111111111111111 0.19687500000000002
13 0.6766666666666666 0.81953125 0.10888888888888888 0.2265625
13 0.6322222222222222 0.6015625 0.08222222222222222 0.215625
13 0.10777777777777778 0.34453125 0.06444444444444444 0.13593750000000002
13 0.31666666666666665 0.1796875 0.05555555555555555 0.115625
13 0.59 0.7039062500000001 0.04666666666666667 0.0890625
