13 0.8234375 0.3056179775280899 0.034375 0.10337078651685394
13 0.3796875 0.1404494382022472 0.037500000000000006 0.2449438202247191
13 0.41484375 0.3764044943820225 0.0234375 0.11460674157303372
13 0.47500000000000003 0.702247191011236 0.025 0.2449438202247191
13 0.55703125 0.41011235955056186 0.15781250000000002 0.21348314606741575
13 0.08125 0.28876404494382024 0.15000000000000002 0.20449438202247192
13 0.35390625000000003 0.8921348314606742 0.029687500000000002 0.14382022471910114
13 0.3046875 0.5696629213483146 0.03125 0.21348314606741575
13 0.8203125 0.7078651685393259 0.034375 0.23370786516853934
13 0.41640625000000003 0.7325842696629215 0.1640625 0.22471910112359553
