13 0.0703125 0.2875586854460094 0.018750000000000003 0.11502347417840376
13 0.8304687500000001 0.1279342723004695 0.035937500000000004 0.20892018779342725
13 0.80625 0.44014084507042256 0.034375 0.19953051643192488
13 0.11796875000000001 0.255868544600939 0.026562500000000003 0.15492957746478875
13 0.50390625 0.7488262910798122 0.026562500000000003 0.1643192488262911
13 0.515625 0.2687793427230047 0.021875000000000002 0.12441314553990611
13 0.55625 0.2535211267605634 0.018750000000000003 0.10328638497652583
13 0.465625 0.40962441314553993 0.021875000000000002 0.13380281690140847
13 0.60859375 0.6255868544600939 0.026562500000000003 0.12910798122065728
13 0.04453125 0.4471830985915493 0.0484375 0.2136150234741784
13 0.7820312500000001 0.4154929577464789 0.0390625 0.2347417840375587
13 0.27265625 0.357981220657277 0.026562500000000003 0.1431924882629108
