13 0.69140625 0.34018264840182644 0.0734375 0.1643835616438356
13 0.42812500000000003 0.3561643835616438 0.021875000000000002 0.1643835616438356
13 0.58046875 0.8424657534246575 0.051562500000000004 0.1324200913242009
13 0.078125 0.3972602739726027 0.046875 0.1552511415525114
13 0.22187500000000002 0.4143835616438356 0.018750000000000003 0.02968036529680365
13 0.47265625 0.3378995433789954 0.035937500000000004 0.1735159817351598
13 0.12109375 0.295662100456621 0.1046875 0.14383561643835616
13 0.22968750000000002 0.46689497716894973 0.16875 0.23515981735159816
13 0.06875 0.6267123287671232 0.040625 0.14383561643835616
13 0.6062500000000001 0.49885844748858443 0.040625 0.19406392694063926
13 0.5750000000000001 0.7922374429223744 0.046875 0.1643835616438356
13 0.041406250000000006 0.3812785388127854 0.045312500000000006 0.1141552511415525
