13 0.40078125000000003 0.7758215962441315 0.0484375 0.2136150234741784
13 0.95625 0.2640845070422535 0.018750000000000003 0.12441314553990611
13 0.46406250000000004 0.7206572769953051 0.046875 0.24413145539906103
13 0.83984375 0.6995305164319249 0.029687500000000002 0.1643192488262911
13 0.6140625000000001 0.6748826291079812 0.043750000000000004 0.19483568075117372
13 0.55625 0.8732394366197184 0.015625 0.10328638497652583
13 0.7578125 0.528169014084507 0.046875 0.24413145539906103
13 0.1625 0.6302816901408451 0.037500000000000006 0.15258215962441316
13 0.9078125 0.9014084507042254 0.034375 0.15492957746478875
13 0.50546875 0.8051643192488263 0.0140625 0.09389671361502347
