13 0.73984375 0.8457446808510638 0.1046875 0.13404255319148936
13 0.16015625 0.18404255319148938 0.0890625 0.24468085106382978
13 0.22031250000000002 0.2148936170212766 0.037500000000000006 0.17446808510638298
13 0.45859375 0.8882978723404256 0.06406250000000001 0.13404255319148936
13 0.25546875 0.6297872340425532 0.035937500000000004 0.14893617021276595
13 0.19687500000000002 0.3840425531914894 0.059375000000000004 0.16382978723404257
13 0.97421875 0.36808510638297876 0.026562500000000003 0.1148936170212766
13 0.22812500000000002 0.5138297872340426 0.046875 0.15531914893617021
13 0.49140625000000004 0.20638297872340425 0.0546875 0.17446808510638298
13 0.2578125 0.5712765957446808 0.025 0.16382978723404257
13 0.15937500000000002 0.30319148936170215 0.084375 0.12127659574468086
