13 0.8210937500000001 0.5269953051643192 0.035937500000000004 0.11502347417840376
13 0.94140625 0.5387323943661972 0.0234375 0.20422535211267606
13 0.48750000000000004 0.49178403755868544 0.05625 0.11971830985915494
13 0.13671875 0.7007042253521127 0.026562500000000003 0.19483568075117372
13 0.018750000000000003 0.3474178403755869 0.034375 0.24413145539906103
13 0.9046875000000001 0.7992957746478874 0.015625 0.12441314553990611
13 0.7367187500000001 0.6068075117370892 0.09843750000000001 0.22300469483568075
13 0.9421875000000001 0.1596244131455399 0.059375000000000004 0.15492957746478875
13 0.80390625 0.9107981220657277 0.0671875 0.15492957746478875
13 0.41796875 0.5234741784037559 0.0140625 0.15492957746478875
13 0.9164062500000001 0.44366197183098594 0.0171875 0.10328638497652583
