13 0.043750000000000004 0.3326359832635983 0.034375 0.22175732217573219
13 0.6648437500000001 0.7897489539748953 0.0328125 0.2238493723849372
13 0.496875 0.15585774058577404 0.215625 0.13598326359832635
13 0.05 0.3849372384937238 0.028125 0.12552301255230125
13 0.87890625 0.8043933054393305 0.035937500000000004 0.19456066945606693
13 0.8250000000000001 0.5774058577405857 0.037500000000000006 0.12552301255230125
13 0.85859375 0.7123430962343096 0.0390625 0.2238493723849372
13 0.014843750000000001 0.7133891213389121 0.029687500000000002 0.20502092050209203
13 0.7093750000000001 0.3807531380753138 0.043750000000000004 0.23430962343096232
13 0.246875 0.8807531380753137 0.034375 0.18410041841004182
13 0.5484375 0.8901673640167364 0.015625 0.11506276150627615
