13 0.6613924050632911 0.3375 0.06118143459915611 0.15625
13 0.39767932489451474 0.8523437500000001 0.06118143459915611 0.1765625
13 0.9483122362869197 0.85078125 0.040084388185654005 0.0921875
13 0.7289029535864978 0.37031250000000004 0.056962025316455694 0.146875
13 0.13080168776371306 0.1875 0.04641350210970464 0.12812500000000002
13 0.3829113924050633 0.28359375000000003 0.04852320675105485 0.1265625
13 0.5379746835443038 0.76484375 0.08016877637130801 0.1765625
13 0.8101265822784809 0.059375000000000004 0.04641350210970464 0.10625000000000001
13 0.2753164556962025 0.2578125 0.06540084388185653 0.16562500000000002
13 0.13080168776371306 0.2265625 0.04641350210970464 0.084375
13 0.9367088607594936 0.09531250000000001 0.04641350210970464 0.10625000000000001
13 0.7658227848101266 0.59296875 0.07594936708860758 0.2109375
