13 0.7914062500000001 0.3978021978021978 0.026562500000000003 0.14505494505494507
13 0.5828125000000001 0.8637362637362638 0.025 0.14505494505494507
13 0.6546875000000001 0.5153846153846153 0.059375000000000004 0.24395604395604395
13 0.91953125 0.37252747252747254 0.0421875 0.23516483516483516
13 0.30234375 0.48021978021978023 0.0234375 0.13406593406593406
13 0.8406250000000001 0.4032967032967033 0.043750000000000004 0.23516483516483516
13 0.47500000000000003 0.6593406593406593 0.043750000000000004 0.18461538461538463
13 0.79609375 0.42967032967032964 0.0171875 0.0945054945054945
13 0.25078125 0.34505494505494505 0.035937500000000004 0.15384615384615385
13 0.60859375 0.8153846153846154 0.0171875 0.1054945054945055
13 0.27109375 0.5384615384615384 0.035937500000000004 0.15384615384615385
