13 0.8964365256124721 0.38359375 0.028953229398663696 0.09843750000000001
13 0.6726057906458797 0.46796875000000004 0.04899777282850779 0.23593750000000002
13 0.344097995545657 0.821875 0.051224944320712694 0.115625
13 0.9287305122494431 0.37343750000000003 0.11135857461024498 0.246875
13 0.20155902004454343 0.4 0.06904231625835189 0.18125000000000002
13 0.5467706013363028 0.37421875000000004 0.16703786191536749 0.23593750000000002
13 0.22939866369710465 0.6703125000000001 0.08908685968819599 0.19687500000000002
13 0.28285077951002224 0.7054687500000001 0.0757238307349666 0.1265625
13 0.5801781737193764 0.1390625 0.06904231625835189 0.115625
13 0.7728285077951002 0.35625 0.08908685968819599 0.10625000000000001
13 0.8006681514476615 0.10546875 0.19376391982182628 0.1296875
