13 0.48046875 0.7056892778993435 0.0234375 0.1334792122538293
13 0.9031250000000001 0.4562363238512035 0.043750000000000004 0.23413566739606126
13 0.53359375 0.7647702407002188 0.0328125 0.17286652078774617
13 0.9773437500000001 0.24945295404814002 0.0234375 0.1050328227571116
13 0.23359375000000002 0.5164113785557987 0.0390625 0.19256017505470457
13 0.9078125 0.42669584245076586 0.040625 0.21444201312910283
13 0.278125 0.31291028446389496 0.043750000000000004 0.1838074398249453
13 0.0328125 0.5678336980306345 0.040625 0.22538293216630195
13 0.140625 0.28774617067833697 0.028125 0.12472647702407001
13 0.415625 0.9146608315098468 0.025 0.14442013129102843
