13 0.690625 0.38497652582159625 0.046875 0.24413145539906103
13 0.16171875000000002 0.09741784037558686 0.0171875 0.11502347417840376
13 0.63203125 0.24647887323943662 0.0390625 0.17370892018779344
13 0.38046875 0.3884976525821596 0.045312500000000006 0.20422535211267606
13 0.88671875 0.8650234741784038 0.0203125 0.11502347417840376
13 0.13046875 0.2746478873239437 0.0140625 0.09389671361502347
13 0.34140625 0.6291079812206573 0.0546875 0.24413145539906103
13 0.6468750000000001 0.13262910798122066 0.018750000000000003 0.12441314553990611
13 0.5945312500000001 0.545774647887324 0.0234375 0.1431924882629108
13 0.7992187500000001 0.30164319248826293 0.045312500000000006 0.20422535211267606
