13 0.8777292576419213 0.7421875 0.06986899563318777 0.19687500000000002
13 0.5163755458515283 0.5046875000000001 0.03275109170305677 0.10625000000000001
13 0.4574235807860262 0.3609375 0.12008733624454147 0.20625000000000002
13 0.7489082969432314 0.54296875 0.03056768558951965 0.0390625
13 0.26091703056768556 0.55390625 0.05895196506550218 0.1765625
13 0.7685589519650655 0.65234375 0.05240174672489083 0.1921875
13 0.7958515283842794 0.9164062500000001 0.07205240174672489 0.1265625
13 0.6091703056768558 0.13593750000000002 0.03056768558951965 0.115625
13 0.40720524017467247 0.60859375 0.01965065502183406 0.0140625
13 0.0982532751091703 0.54453125 0.0611353711790393 0.1765625
13 0.42903930131004364 0.690625 0.06768558951965065 0.20625000000000002
13 0.732532751091703 0.58359375 0.05021834061135371 0.1015625
