13 0.33112582781456956 0.703125 0.08830022075055188 0.20625000000000002
13 0.35209713024282563 0.22578125000000002 0.04194260485651214 0.1546875
13 0.91280353200883 0.7609375 0.04194260485651214 0.078125
13 0.5640176600441501 0.37734375000000003 0.13024282560706402 0.2109375
13 0.45805739514348787 0.4765625 0.10375275938189846 0.16562500000000002
13 0.7152317880794702 0.30000000000000004 0.06181015452538631 0.20625000000000002
13 0.8796909492273731 0.25078125 0.16556291390728478 0.23593750000000002
13 0.11368653421633554 0.18203125 0.09933774834437085 0.1265625
13 0.9172185430463576 0.24453125 0.10816777041942605 0.23593750000000002
13 0.45916114790286977 0.6703125000000001 0.04415011037527594 0.10625000000000001
13 0.6467991169977925 0.10312500000000001 0.23399558498896247 0.15625
13 0.15562913907284767 0.38125000000000003 0.1434878587196468 0.20625000000000002
