13 0.43103448275862066 0.76484375 0.06034482758620689 0.18281250000000002
13 0.44073275862068967 0.640625 0.05387931034482758 0.19687500000000002
13 0.6196120689655172 0.32265625000000003 0.040948275862068964 0.1265625
13 0.959051724137931 0.82734375 0.06465517241379311 0.1859375
13 0.3265086206896552 0.21406250000000002 0.032327586206896554 0.10625000000000001
13 0.3771551724137931 0.478125 0.06896551724137931 0.246875
13 0.37176724137931033 0.8390625 0.032327586206896554 0.10625000000000001
13 0.6605603448275862 0.8 0.04525862068965517 0.16562500000000002
13 0.42995689655172414 0.2671875 0.04525862068965517 0.16562500000000002
13 0.584051724137931 0.21796875000000002 0.1853448275862069 0.060937500000000006
