13 0.0961123110151188 0.45234375000000004 0.08423326133909288 0.1921875
13 0.7721382289416847 0.35781250000000003 0.07991360691144708 0.2
13 0.055075593952483806 0.06640625 0.04535637149028078 0.1265625
13 0.5971922246220303 0.6203125 0.0367170626349892 0.10625000000000001
13 0.755939524838013 0.22187500000000002 0.03455723542116631 0.1125
13 0.9308855291576674 0.78671875 0.09071274298056156 0.2265625
13 0.7818574514038877 0.2578125 0.05615550755939525 0.15625
13 0.8012958963282938 0.75 0.05615550755939525 0.146875
13 0.4697624190064795 0.2703125 0.08855291576673867 0.246875
13 0.8606911447084233 0.6734375 0.10151187904967603 0.215625
