13 0.51484375 0.8477777777777777 0.0203125 0.10444444444444445
13 0.690625 0.5711111111111111 0.05625 0.23555555555555555
13 0.33203125 0.6166666666666667 0.026562500000000003 0.13555555555555557
13 0.87265625 0.5355555555555556 0.0234375 0.12444444444444444
13 0.140625 0.6866666666666666 0.037500000000000006 0.1688888888888889
13 0.8992187500000001 0.25 0.0328125 0.14444444444444443
13 0.8390625 0.6966666666666667 0.040625 0.22444444444444445
13 0.7359375 0.20444444444444446 0.05 0.24444444444444444
13 0.49062500000000003 0.31777777777777777 0.046875 0.23555555555555555
13 0.8718750000000001 0.3466666666666667 0.046875 0.23555555555555555
