13 0.51875 0.16416309012875535 0.043750000000000004 0.10515021459227468
13 0.35234375 0.19742489270386265 0.0328125 0.2145922746781116
13 0.19453125000000002 0.5 0.0421875 0.11587982832618025
13 0.17734375000000002 0.40879828326180256 0.035937500000000004 0.22532188841201717
13 0.95234375 0.8937768240343348 0.045312500000000006 0.20386266094420602
13 0.8679687500000001 0.3959227467811159 0.0203125 0.1351931330472103
13 0.15234375 0.259656652360515 0.026562500000000003 0.12446351931330472
13 0.94921875 0.4624463519313305 0.0734375 0.08798283261802575
13 0.39140625 0.4613733905579399 0.0421875 0.18454935622317598
13 0.509375 0.4206008583690987 0.11875000000000001 0.15450643776824036
