13 0.7917647058823529 0.13125 0.1388235294117647 0.215625
13 0.8129411764705882 0.28203125 0.16705882352941176 0.2265625
13 0.6611764705882353 0.7609375 0.1976470588235294 0.12812500000000002
13 0.62 0.46328125000000003 0.12 0.1859375
13 0.8623529411764705 0.44296875 0.08235294117647059 0.1765625
13 0.3941176470588235 0.8109375000000001 0.04941176470588235 0.146875
13 0.22470588235294114 0.23828125 0.06352941176470588 0.13593750000000002
13 0.5694117647058823 0.3609375 0.07999999999999999 0.246875
13 0.2152941176470588 0.8031250000000001 0.025882352941176467 0.10625000000000001
13 0.9552941176470587 0.3015625 0.028235294117647056 0.115625
13 0.36823529411764705 0.80078125 0.06352941176470588 0.13593750000000002
13 0.7847058823529411 0.7625000000000001 0.04470588235294117 0.20625000000000002
