13 0.28203125 0.48226164079822614 0.0390625 0.22394678492239467
13 0.8359375 0.7638580931263859 0.034375 0.21507760532150777
13 0.43046875 0.6241685144124168 0.029687500000000002 0.10421286031042129
13 0.52109375 0.8259423503325942 0.07968750000000001 0.21507760532150777
13 0.5515625000000001 0.09645232815964523 0.03125 0.1574279379157428
13 0.728125 0.12749445676274945 0.028125 0.17516629711751663
13 0.6960937500000001 0.6596452328159645 0.0203125 0.09090909090909091
13 0.478125 0.8181818181818182 0.215625 0.1419068736141907
13 0.321875 0.3425720620842572 0.040625 0.14412416851441243
13 0.8625 0.549889135254989 0.046875 0.164079822616408
13 0.48281250000000003 0.4534368070953437 0.028125 0.17516629711751663
13 0.67890625 0.8348115299334812 0.029687500000000002 0.17516629711751663
