13 0.5625 0.12076271186440678 0.059375000000000004 0.1652542372881356
13 0.140625 0.771186440677966 0.1125 0.1440677966101695
13 0.9421875000000001 0.3379237288135593 0.028125 0.163135593220339
13 0.065625 0.6620762711864406 0.021875000000000002 0.21398305084745764
13 0.7289062500000001 0.11016949152542373 0.0328125 0.1440677966101695
13 0.6781250000000001 0.8040254237288136 0.046875 0.2055084745762712
13 0.9164062500000001 0.7807203389830508 0.0546875 0.15466101694915255
13 0.55859375 0.6578389830508474 0.045312500000000006 0.1461864406779661
13 0.08203125 0.4173728813559322 0.0703125 0.1440677966101695
13 0.7523437500000001 0.7330508474576272 0.0234375 0.09322033898305085
13 0.1046875 0.8845338983050848 0.065625 0.15466101694915255
