13 0.9427312775330398 0.63046875 0.10572687224669605 0.23593750000000002
13 0.8535242290748899 0.5265625 0.015418502202643174 0.025
13 0.9262114537444934 0.6640625 0.04625550660792952 0.15625
13 0.7830396475770925 0.44375000000000003 0.04625550660792952 0.07187500000000001
13 0.7202643171806168 0.86328125 0.052863436123348026 0.1265625
13 0.7742290748898679 0.48203125 0.19603524229074892 0.23593750000000002
13 0.7940528634361235 0.37109375 0.03744493392070485 0.1265625
13 0.5011013215859031 0.8757812500000001 0.06828193832599119 0.2265625
13 0.525330396475771 0.18125000000000002 0.07268722466960353 0.16562500000000002
13 0.8843612334801763 0.48359375000000004 0.10792951541850221 0.2015625
13 0.9096916299559472 0.45546875000000003 0.052863436123348026 0.1265625
13 0.26982378854625555 0.16328125000000002 0.059471365638766524 0.13593750000000002
