13 0.14908256880733944 0.434375 0.09174311926605505 0.096875
13 0.286697247706422 0.28125 0.06422018348623854 0.12812500000000002
13 0.35206422018348627 0.32109375 0.06651376146788991 0.1453125
13 0.8658256880733946 0.71796875 0.08027522935779817 0.1265625
13 0.4059633027522936 0.7601562500000001 0.05504587155963303 0.1265625
13 0.8107798165137615 0.5945312500000001 0.052752293577981654 0.09843750000000001
13 0.11697247706422019 0.7484375000000001 0.03211009174311927 0.15625
13 0.051605504587155966 0.821875 0.034403669724770644 0.115625
13 0.7488532110091743 0.7054687500000001 0.15366972477064222 0.23593750000000002
13 0.768348623853211 0.4 0.18807339449541285 0.215625
13 0.3864678899082569 0.35625 0.07110091743119266 0.06875
13 0.5149082568807339 0.22812500000000002 0.0389908256880734 0.115625
