13 0.28750000000000003 0.6035564853556484 0.08125 0.24476987447698742
13 0.035937500000000004 0.7751046025104602 0.040625 0.11506276150627615
13 0.76328125 0.10041841004184099 0.060937500000000006 0.18410041841004182
13 0.7664062500000001 0.561715481171548 0.0328125 0.14435146443514643
13 0.14921875 0.8315899581589957 0.0390625 0.16527196652719664
13 0.059375000000000004 0.4267782426778242 0.10625000000000001 0.13389121338912133
13 0.55234375 0.7353556485355648 0.051562500000000004 0.17782426778242677
13 0.9328125 0.459205020920502 0.040625 0.1610878661087866
13 0.08671875000000001 0.11506276150627615 0.0671875 0.20502092050209203
13 0.38671875 0.8347280334728032 0.029687500000000002 0.18410041841004182
13 0.94921875 0.6349372384937237 0.0546875 0.24476987447698742
