14 0.4244060475161987 0.35390625000000003 0.16198704103671707 0.1859375
14 0.17602591792656588 0.4765625 0.11015118790496761 0.1125
14 0.3120950323974082 0.045312500000000006 0.2354211663066955 0.09062500000000001
14 0.7203023758099353 0.17343750000000002 0.12742980561555076 0.07500000000000001
14 0.857451403887689 0.14921875 0.20302375809935205 0.23593750000000002
14 0.42548596112311016 0.54296875 0.12958963282937366 0.13593750000000002
14 0.23866090712742982 0.5085937500000001 0.183585313174946 0.1328125
14 0.705183585313175 0.853125 0.18790496760259182 0.19687500000000002
14 0.7958963282937366 0.521875 0.10151187904967603 0.10625000000000001
14 0.15442764578833695 0.39296875000000003 0.14470842332613393 0.1453125
