14 0.39687500000000003 0.8311258278145696 0.078125 0.2141280353200883
14 0.21250000000000002 0.17328918322295805 0.1375 0.24503311258278146
14 0.21250000000000002 0.7075055187637969 0.07500000000000001 0.2052980132450331
14 0.6453125000000001 0.36534216335540837 0.084375 0.2141280353200883
14 0.94296875 0.6147902869757175 0.0734375 0.17439293598233996
14 0.63203125 0.6622516556291391 0.0921875 0.23399558498896247
14 0.11406250000000001 0.41611479028697573 0.10312500000000001 0.24503311258278146
14 0.38359375 0.11479028697571744 0.09843750000000001 0.19426048565121412
14 0.9007812500000001 0.15673289183222958 0.09843750000000001 0.23399558498896247
14 0.84296875 0.46467991169977924 0.07968750000000001 0.2052980132450331
