14 0.15000000000000002 0.4121475054229935 0.08750000000000001 0.19522776572668113
14 0.96015625 0.376355748373102 0.0546875 0.12364425162689806
14 0.784375 0.5357917570498916 0.12187500000000001 0.23427331887201736
14 0.22421875000000002 0.8015184381778742 0.0703125 0.1540130151843818
14 0.2765625 0.1193058568329718 0.08750000000000001 0.1735357917570499
14 0.053125000000000006 0.2733188720173536 0.10625000000000001 0.23427331887201736
14 0.20078125000000002 0.5130151843817787 0.07968750000000001 0.1540130151843818
14 0.4453125 0.2841648590021692 0.046875 0.09544468546637744
14 0.9164062500000001 0.8665943600867679 0.08281250000000001 0.1843817787418655
14 0.6734375 0.36550976138828634 0.07187500000000001 0.14533622559652928
14 0.20234375000000002 0.32646420824295014 0.0703125 0.1540130151843818
