14 0.6019522776572668 0.13125 0.16268980477223427 0.19687500000000002
14 0.39913232104121477 0.5890625 0.10412147505422994 0.065625
14 0.683297180043384 0.596875 0.07809110629067245 0.096875
14 0.7819956616052061 0.45703125 0.19739696312364427 0.2265625
14 0.4598698481561822 0.34296875000000004 0.1735357917570499 0.11093750000000001
14 0.11279826464208244 0.8875000000000001 0.16919739696312364 0.20625000000000002
14 0.13774403470715835 0.29375 0.19739696312364427 0.1625
14 0.43383947939262474 0.93515625 0.09544468546637744 0.11406250000000001
14 0.48264642082429504 0.84140625 0.14533622559652928 0.0921875
14 0.13449023861171366 0.1296875 0.16919739696312364 0.20625000000000002
14 0.2299349240780911 0.7312500000000001 0.16919739696312364 0.20625000000000002
14 0.6518438177874186 0.32890625 0.14533622559652928 0.0921875
