14 0.5853131749460043 0.384375 0.16414686825053998 0.140625
14 0.43628509719222464 0.45625000000000004 0.12526997840172788 0.10625000000000001
14 0.900647948164147 0.6882812500000001 0.10799136069114472 0.1265625
14 0.7764578833693305 0.12812500000000002 0.20950323974082075 0.23750000000000002
14 0.33153347732181426 0.85859375 0.20086393088552917 0.23593750000000002
14 0.6987041036717063 0.2921875 0.20518358531317496 0.13125
14 0.2904967602591793 0.6328125 0.16630669546436286 0.19687500000000002
14 0.7580993520518359 0.884375 0.13822894168466524 0.15625
14 0.5 0.5906250000000001 0.183585313174946 0.215625
14 0.43628509719222464 0.1625 0.12958963282937366 0.146875
14 0.4503239740820735 0.58125 0.17494600431965443 0.1125
14 0.8585313174946004 0.22265625 0.14470842332613393 0.1859375
