14 0.31640625 0.4834254143646409 0.06406250000000001 0.17495395948434622
14 0.045312500000000006 0.5386740331491713 0.053125000000000006 0.11602209944751382
14 0.5265625 0.5119705340699816 0.09062500000000001 0.13627992633517497
14 0.18515625000000002 0.09023941068139964 0.0671875 0.13627992633517497
14 0.3328125 0.7246777163904236 0.13125 0.2154696132596685
14 0.049218750000000006 0.3453038674033149 0.0421875 0.0865561694290976
14 0.26953125 0.6500920810313076 0.0578125 0.09576427255985268
14 0.15000000000000002 0.6141804788213628 0.053125000000000006 0.11602209944751382
14 0.78671875 0.2541436464088398 0.0734375 0.15469613259668508
14 0.36171875000000003 0.494475138121547 0.1015625 0.2154696132596685
14 0.03671875 0.39594843462246776 0.0671875 0.13627992633517497
14 0.4703125 0.39594843462246776 0.040625 0.09576427255985268
