14 0.5323325635103926 0.33125000000000004 0.14549653579676675 0.16562500000000002
14 0.12933025404157045 0.6984375 0.08314087759815242 0.096875
14 0.32217090069284066 0.7515625 0.22401847575057737 0.134375
14 0.8117782909930715 0.209375 0.14549653579676675 0.15625
14 0.34295612009237875 0.8171875000000001 0.14549653579676675 0.16562500000000002
14 0.4515011547344111 0.446875 0.11316397228637413 0.06875
14 0.28983833718244806 0.2015625 0.20092378752886836 0.215625
14 0.46882217090069284 0.57421875 0.14318706697459585 0.0859375
14 0.789838337182448 0.4703125 0.18013856812933024 0.20625000000000002
14 0.7505773672055427 0.88046875 0.14318706697459585 0.0859375
