14 0.915625 0.29524886877828055 0.08750000000000001 0.18325791855203621
14 0.665625 0.46040723981900455 0.05625 0.13348416289592763
14 0.5953125 0.29638009049773756 0.1125 0.23529411764705885
14 0.49921875000000004 0.4739819004524887 0.06406250000000001 0.13348416289592763
14 0.55859375 0.10294117647058824 0.0703125 0.165158371040724
14 0.2078125 0.44230769230769235 0.059375000000000004 0.12443438914027151
14 0.7757812500000001 0.3269230769230769 0.060937500000000006 0.16968325791855204
14 0.8656250000000001 0.7262443438914028 0.07187500000000001 0.10407239819004525
14 0.20546875 0.7918552036199096 0.09843750000000001 0.20361990950226247
14 0.7406250000000001 0.3472850678733032 0.07500000000000001 0.1742081447963801
14 0.06406250000000001 0.5678733031674209 0.06875 0.14479638009049775
