14 0.31484375000000003 0.710752688172043 0.0890625 0.1870967741935484
14 0.39765625000000004 0.689247311827957 0.0890625 0.14408602150537633
14 0.10546875 0.12580645161290321 0.0578125 0.1010752688172043
14 0.9164062500000001 0.5064516129032258 0.07968750000000001 0.17419354838709677
14 0.478125 0.4827956989247312 0.08125 0.15268817204301074
14 0.484375 0.6193548387096774 0.1125 0.17634408602150536
14 0.73984375 0.8010752688172043 0.16718750000000002 0.20430107526881722
14 0.29375 0.4043010752688172 0.08125 0.12903225806451613
14 0.1015625 0.1935483870967742 0.07187500000000001 0.15483870967741936
14 0.49062500000000003 0.5365591397849462 0.059375000000000004 0.14408602150537633
14 0.25546875 0.3365591397849462 0.051562500000000004 0.11397849462365592
14 0.2921875 0.5526881720430108 0.17500000000000002 0.21505376344086022
