14 0.9432773109243697 0.28203125 0.10084033613445378 0.1265625
14 0.9285714285714285 0.4421875 0.09243697478991596 0.096875
14 0.551470588235294 0.35546875 0.22899159663865545 0.23593750000000002
14 0.38550420168067223 0.6546875000000001 0.1407563025210084 0.20625000000000002
14 0.33088235294117646 0.53671875 0.11554621848739495 0.1078125
14 0.6743697478991596 0.17265625 0.058823529411764705 0.0546875
14 0.16596638655462184 0.40078125000000003 0.08823529411764705 0.0765625
14 0.64390756302521 0.875 0.2079831932773109 0.215625
14 0.5483193277310924 0.66015625 0.1638655462184874 0.1546875
14 0.17542016806722688 0.49062500000000003 0.16176470588235292 0.215625
14 0.2615546218487395 0.7109375 0.1449579831932773 0.20625000000000002
14 0.7405462184873949 0.24296875 0.22899159663865545 0.23593750000000002
