14 0.0921875 0.8659491193737768 0.16562500000000002 0.18590998043052837
14 0.29531250000000003 0.06360078277886497 0.046875 0.0958904109589041
14 0.8421875000000001 0.15166340508806261 0.078125 0.15459882583170254
14 0.42265625 0.4931506849315068 0.1921875 0.21526418786692758
14 0.4734375 0.7015655577299412 0.1375 0.19373776908023482
14 0.8992187500000001 0.8894324853228962 0.06406250000000001 0.0958904109589041
14 0.1765625 0.3679060665362035 0.11875000000000001 0.23483365949119372
14 0.35703125 0.5234833659491194 0.0921875 0.18590998043052837
14 0.9164062500000001 0.4461839530332681 0.1203125 0.23483365949119372
14 0.48750000000000004 0.7407045009784735 0.09062500000000001 0.18590998043052837
