14 0.5612691466083151 0.11484375000000001 0.15536105032822756 0.11093750000000001
14 0.19912472647702406 0.08359375000000001 0.1137855579868709 0.0421875
14 0.3807439824945295 0.875 0.14442013129102843 0.16562500000000002
14 0.4431072210065645 0.675 0.09409190371991247 0.034375
14 0.5634573304157549 0.7359375 0.2035010940919037 0.078125
14 0.838074398249453 0.26484375 0.17943107221006563 0.1859375
14 0.3785557986870897 0.38906250000000003 0.10065645514223194 0.115625
14 0.18708971553610504 0.53515625 0.09409190371991247 0.0671875
14 0.6050328227571116 0.5296875 0.09846827133479212 0.115625
14 0.7352297592997812 0.55078125 0.23194748358862144 0.23593750000000002
