14 0.35859728506787336 0.13359375 0.19683257918552038 0.21406250000000002
14 0.5260180995475113 0.20234375000000002 0.21040723981900455 0.2265625
14 0.31221719457013575 0.203125 0.10407239819004525 0.115625
14 0.659502262443439 0.8562500000000001 0.2239819004524887 0.1375
14 0.08371040723981901 0.9085937500000001 0.16289592760180996 0.1765625
14 0.17873303167420815 0.31015625 0.10407239819004525 0.06406250000000001
14 0.415158371040724 0.37421875000000004 0.21945701357466066 0.23593750000000002
14 0.8699095022624436 0.78828125 0.20135746606334842 0.2265625
14 0.6323529411764707 0.5171875 0.11538461538461539 0.09375
14 0.17986425339366519 0.72578125 0.11990950226244344 0.13593750000000002
14 0.6323529411764707 0.12187500000000001 0.2239819004524887 0.1375
14 0.8812217194570137 0.40156250000000004 0.09276018099547512 0.10625000000000001
