14 0.2614155251141552 0.7734375 0.15296803652968036 0.16562500000000002
14 0.0958904109589041 0.5281250000000001 0.1735159817351598 0.15000000000000002
14 0.5 0.4140625 0.1643835616438356 0.215625
14 0.06506849315068493 0.7445312500000001 0.07077625570776255 0.11406250000000001
14 0.526255707762557 0.540625 0.14383561643835616 0.140625
14 0.39840182648401823 0.6507812500000001 0.13926940639269406 0.1421875
14 0.5410958904109588 0.11171875 0.1095890410958904 0.13593750000000002
14 0.8162100456621004 0.5796875 0.12557077625570776 0.16562500000000002
14 0.13470319634703196 0.7523437500000001 0.1506849315068493 0.1859375
14 0.5148401826484018 0.6671875 0.18493150684931506 0.17500000000000002
