14 0.7094594594594594 0.22109375 0.17567567567567569 0.1609375
14 0.08896396396396396 0.7351562500000001 0.12387387387387387 0.1234375
14 0.4572072072072072 0.8851562500000001 0.18468468468468469 0.18281250000000002
14 0.9481981981981982 0.375 0.0945945945945946 0.034375
14 0.8265765765765766 0.4453125 0.23423423423423423 0.084375
14 0.7680180180180181 0.11640625 0.16666666666666666 0.1859375
14 0.43018018018018017 0.30390625000000004 0.0945945945945946 0.09531250000000001
14 0.17004504504504506 0.0890625 0.1509009009009009 0.16562500000000002
14 0.8378378378378378 0.23593750000000002 0.13513513513513514 0.134375
14 0.8896396396396397 0.49531250000000004 0.1036036036036036 0.115625
14 0.2905405405405405 0.6828125 0.1036036036036036 0.115625
14 0.6351351351351351 0.3171875 0.22522522522522523 0.22187500000000002
