14 0.6013986013986014 0.47265625 0.1585081585081585 0.18281250000000002
14 0.42657342657342656 0.5421875 0.018648018648018648 0.034375
14 0.5337995337995338 0.55625 0.22377622377622378 0.209375
14 0.21095571095571095 0.28828125 0.17482517482517482 0.15781250000000002
14 0.5547785547785548 0.33906250000000004 0.13053613053613053 0.15625
14 0.1048951048951049 0.49531250000000004 0.12121212121212122 0.146875
14 0.3298368298368298 0.15156250000000002 0.24475524475524477 0.22812500000000002
14 0.47785547785547783 0.65390625 0.08391608391608392 0.0890625
14 0.5198135198135199 0.71875 0.09324009324009325 0.10625000000000001
14 0.3484848484848485 0.6515625 0.19347319347319347 0.246875
14 0.6515151515151515 0.92890625 0.1048951048951049 0.13593750000000002
