14 0.49296875 0.24882629107981222 0.1015625 0.24413145539906103
14 0.6414062500000001 0.7488262910798122 0.06406250000000001 0.1643192488262911
14 0.02421875 0.9096244131455399 0.0171875 0.05868544600938967
14 0.371875 0.9072769953051644 0.09375 0.12441314553990611
14 0.16640625 0.6009389671361502 0.1015625 0.24413145539906103
14 0.2734375 0.6737089201877935 0.078125 0.10328638497652583
14 0.25703125 0.5586854460093896 0.035937500000000004 0.09389671361502347
14 0.353125 0.7417840375586855 0.115625 0.15492957746478875
14 0.6703125000000001 0.5410798122065728 0.084375 0.20422535211267606
14 0.35234375 0.40962441314553993 0.0765625 0.19483568075117372
14 0.09843750000000001 0.8403755868544601 0.17500000000000002 0.2347417840375587
14 0.9390625 0.15492957746478875 0.07187500000000001 0.18309859154929578
