14 0.36796875 0.3548387096774194 0.1265625 0.15483870967741936
14 0.3640625 0.624731182795699 0.19062500000000002 0.23440860215053763
14 0.253125 0.4075268817204301 0.14375000000000002 0.2172043010752688
14 0.9078125 0.3225806451612903 0.15000000000000002 0.18494623655913978
14 0.26953125 0.221505376344086 0.13593750000000002 0.2021505376344086
14 0.525 0.210752688172043 0.15937500000000002 0.1935483870967742
14 0.171875 0.15268817204301074 0.2 0.24516129032258063
14 0.2546875 0.8311827956989247 0.109375 0.13548387096774195
14 0.9304687500000001 0.5989247311827957 0.09531250000000001 0.20430107526881722
14 0.5007812500000001 0.3150537634408602 0.0765625 0.16559139784946236
