14 0.3275862068965517 0.74765625 0.125 0.11406250000000001
14 0.5269396551724138 0.07578125000000001 0.11422413793103448 0.1046875
14 0.32112068965517243 0.6296875000000001 0.07327586206896551 0.07500000000000001
14 0.8081896551724138 0.403125 0.15517241379310345 0.215625
14 0.4040948275862069 0.68125 0.14439655172413793 0.12812500000000002
14 0.3114224137931034 0.90625 0.14439655172413793 0.146875
14 0.9127155172413793 0.36250000000000004 0.08836206896551724 0.115625
14 0.47844827586206895 0.571875 0.21120689655172414 0.2
14 0.7015086206896551 0.5875 0.11853448275862069 0.16562500000000002
14 0.3609913793103448 0.5085937500000001 0.23491379310344826 0.21406250000000002
