14 0.82578125 0.6424050632911392 0.0546875 0.09915611814345991
14 0.7453125 0.5833333333333333 0.08125 0.15400843881856538
14 0.7390625000000001 0.24789029535864976 0.084375 0.20464135021097044
14 0.3515625 0.7162447257383966 0.084375 0.20464135021097044
14 0.87421875 0.5327004219409283 0.06406250000000001 0.15400843881856538
14 0.15078125 0.1181434599156118 0.051562500000000004 0.1350210970464135
14 0.1015625 0.20780590717299577 0.09062500000000001 0.15400843881856538
14 0.140625 0.2732067510548523 0.059375000000000004 0.14556962025316456
14 0.93671875 0.6392405063291139 0.11406250000000001 0.2151898734177215
14 0.8226562500000001 0.7964135021097046 0.09843750000000001 0.22573839662447256
