14 0.5336322869955157 0.17890625000000002 0.18385650224215247 0.11406250000000001
14 0.3060538116591928 0.42812500000000003 0.07399103139013453 0.19375
14 0.5739910313901345 0.9203125000000001 0.10313901345291479 0.115625
14 0.5739910313901345 0.1328125 0.09417040358744394 0.10625000000000001
14 0.7533632286995515 0.42734375 0.09865470852017937 0.0890625
14 0.6849775784753364 0.43046875 0.16367713004484305 0.1015625
14 0.6692825112107623 0.8328125000000001 0.13228699551569506 0.146875
14 0.7746636771300448 0.6609375000000001 0.19506726457399104 0.215625
14 0.3071748878923767 0.6421875 0.20179372197309417 0.234375
14 0.16816143497757846 0.8703125 0.10313901345291479 0.115625
14 0.1446188340807175 0.734375 0.1412556053811659 0.15625
14 0.3968609865470852 0.43984375000000003 0.20179372197309417 0.23593750000000002
