14 0.8568376068376069 0.7132812500000001 0.17094017094017094 0.23593750000000002
14 0.30982905982905984 0.4609375 0.19230769230769232 0.184375
14 0.7542735042735044 0.7992187500000001 0.14102564102564105 0.1859375
14 0.1730769230769231 0.6585937500000001 0.12393162393162395 0.1265625
14 0.8311965811965812 0.38359375 0.07692307692307693 0.1421875
14 0.5694444444444445 0.12734375 0.13461538461538464 0.1765625
14 0.042735042735042736 0.0703125 0.07692307692307693 0.096875
14 0.7895299145299146 0.4765625 0.14316239316239318 0.146875
14 0.4604700854700855 0.7250000000000001 0.13461538461538464 0.125
14 0.3963675213675214 0.296875 0.21153846153846156 0.215625
14 0.20940170940170943 0.775 0.15811965811965814 0.20625000000000002
14 0.6869658119658121 0.36328125 0.2243589743589744 0.2078125
