14 0.20276497695852536 0.525 0.10138248847926268 0.115625
14 0.37442396313364057 0.8828125 0.1359447004608295 0.146875
14 0.4942396313364055 0.7289062500000001 0.1497695852534562 0.17343750000000002
14 0.35714285714285715 0.46796875000000004 0.17972350230414746 0.2015625
14 0.3986175115207373 0.23046875 0.0967741935483871 0.1015625
14 0.8087557603686636 0.52265625 0.2073732718894009 0.23593750000000002
14 0.37327188940092165 0.5945312500000001 0.09216589861751152 0.1046875
14 0.4274193548387097 0.4421875 0.22350230414746544 0.1125
14 0.5149769585253456 0.5789062500000001 0.16359447004608296 0.1765625
14 0.7453917050691244 0.37343750000000003 0.10368663594470046 0.0625
14 0.4043778801843318 0.70234375 0.16359447004608296 0.1765625
14 0.4251152073732719 0.35078125000000004 0.1543778801843318 0.1765625
