14 0.7901098901098901 0.8109375000000001 0.14725274725274726 0.20625000000000002
14 0.3769230769230769 0.846875 0.17362637362637362 0.109375
14 0.46813186813186813 0.51875 0.18021978021978022 0.215625
14 0.7318681318681318 0.8515625 0.20659340659340658 0.246875
14 0.24945054945054945 0.71875 0.16483516483516483 0.171875
14 0.2 0.54296875 0.189010989010989 0.23593750000000002
14 0.7098901098901099 0.8453125 0.15384615384615385 0.096875
14 0.8087912087912088 0.07500000000000001 0.18461538461538463 0.115625
14 0.29010989010989013 0.29609375 0.189010989010989 0.2265625
14 0.12857142857142856 0.5234375 0.17362637362637362 0.19687500000000002
14 0.8153846153846154 0.290625 0.17142857142857143 0.20625000000000002
