14 0.90546875 0.7943037974683543 0.0390625 0.10337552742616032
14 0.82734375 0.6339662447257384 0.0859375 0.10337552742616032
14 0.11796875000000001 0.35970464135021096 0.1953125 0.2341772151898734
14 0.8250000000000001 0.48734177215189867 0.1875 0.22362869198312235
14 0.40859375000000003 0.6656118143459915 0.0765625 0.1751054852320675
14 0.8015625000000001 0.350210970464135 0.053125000000000006 0.11392405063291139
14 0.23828125 0.5411392405063291 0.09843750000000001 0.22573839662447256
14 0.8773437500000001 0.8723628691983122 0.1046875 0.22573839662447256
14 0.59296875 0.6867088607594937 0.09843750000000001 0.22573839662447256
14 0.67578125 0.680379746835443 0.0765625 0.1751054852320675
