14 0.6117187500000001 0.7290322580645161 0.15156250000000002 0.18494623655913978
14 0.3296875 0.7247311827956989 0.096875 0.13763440860215054
14 0.6390625000000001 0.44193548387096776 0.0625 0.14408602150537633
14 0.47890625000000003 0.5849462365591398 0.1765625 0.21505376344086022
14 0.38828125 0.6795698924731183 0.15156250000000002 0.18494623655913978
14 0.6890625 0.25591397849462366 0.10312500000000001 0.22365591397849463
14 0.21796875000000002 0.8806451612903226 0.051562500000000004 0.11397849462365592
14 0.0890625 0.6774193548387096 0.078125 0.09462365591397849
14 0.5015625 0.8827956989247312 0.15937500000000002 0.1956989247311828
14 0.6687500000000001 0.1053763440860215 0.078125 0.09462365591397849
