14 0.8656250000000001 0.3187772925764192 0.09375 0.21397379912663755
14 0.2484375 0.10262008733624453 0.084375 0.10480349344978165
14 0.12578125 0.13209606986899564 0.09843750000000001 0.22489082969432314
14 0.80078125 0.5382096069868996 0.1046875 0.2336244541484716
14 0.93515625 0.5414847161572052 0.1078125 0.2445414847161572
14 0.7562500000000001 0.23034934497816592 0.178125 0.18995633187772926
14 0.23046875 0.519650655021834 0.1046875 0.17467248908296942
14 0.6390625000000001 0.43995633187772926 0.096875 0.15502183406113537
14 0.40859375000000003 0.4585152838427947 0.045312500000000006 0.11353711790393012
14 0.67109375 0.5753275109170305 0.1046875 0.2336244541484716
14 0.7078125000000001 0.35152838427947597 0.19687500000000002 0.2445414847161572
14 0.051562500000000004 0.3187772925764192 0.05 0.11353711790393012
