14 0.34140625 0.8021276595744681 0.0703125 0.17446808510638298
14 0.25 0.8372340425531914 0.046875 0.12553191489361704
14 0.72421875 0.39148936170212767 0.0890625 0.2042553191489362
14 0.54609375 0.5914893617021276 0.0703125 0.17446808510638298
14 0.87265625 0.7925531914893618 0.0390625 0.10425531914893617
14 0.92109375 0.6531914893617021 0.1078125 0.2042553191489362
14 0.051562500000000004 0.24255319148936172 0.078125 0.2042553191489362
14 0.9398437500000001 0.9074468085106383 0.0859375 0.16382978723404257
14 0.46953125 0.2712765957446809 0.0578125 0.15531914893617021
14 0.31171875000000004 0.6574468085106383 0.0734375 0.19574468085106383
