14 0.047656250000000004 0.8427672955974843 0.0859375 0.18448637316561844
14 0.7640625000000001 0.13522012578616352 0.115625 0.22431865828092246
14 0.39687500000000003 0.6163522012578617 0.07187500000000001 0.15513626834381553
14 0.5007812500000001 0.8752620545073376 0.1046875 0.1949685534591195
14 0.82578125 0.649895178197065 0.1203125 0.2348008385744235
14 0.45390625 0.16561844863731656 0.0765625 0.09643605870020965
14 0.62890625 0.9004192872117401 0.09531250000000001 0.11111111111111112
14 0.65 0.2589098532494759 0.09062500000000001 0.1740041928721174
14 0.37265625 0.14675052410901468 0.1203125 0.2348008385744235
14 0.6546875000000001 0.8228511530398324 0.19687500000000002 0.14046121593291405
14 0.5578125 0.6268343815513627 0.1 0.2138364779874214
