14 0.7183544303797468 0.83125 0.17088607594936708 0.17500000000000002
14 0.45147679324894513 0.47578125000000004 0.13080168776371306 0.1859375
14 0.3586497890295358 0.3328125 0.10126582278481011 0.10625000000000001
14 0.681434599156118 0.6890625 0.06751054852320675 0.10625000000000001
14 0.7869198312236286 0.77265625 0.1350210970464135 0.1265625
14 0.2795358649789029 0.7421875 0.23839662447257381 0.246875
14 0.8428270042194093 0.296875 0.20886075949367086 0.215625
14 0.610759493670886 0.3765625 0.16666666666666666 0.20625000000000002
14 0.490506329113924 0.203125 0.1751054852320675 0.246875
14 0.6424050632911392 0.73046875 0.09493670886075949 0.1265625
14 0.3111814345991561 0.42031250000000003 0.11603375527426159 0.146875
14 0.1561181434599156 0.32421875 0.12236286919831223 0.1265625
