14 0.9031250000000001 0.469601677148847 0.0625 0.13417190775681342
14 0.6328125 0.25157232704402516 0.06875 0.13417190775681342
14 0.30234375 0.4507337526205451 0.09531250000000001 0.18448637316561844
14 0.89765625 0.18658280922431866 0.0484375 0.10482180293501049
14 0.5953125 0.6236897274633124 0.09062500000000001 0.1949685534591195
14 0.721875 0.8280922431865828 0.15937500000000002 0.2138364779874214
14 0.56484375 0.22641509433962265 0.08281250000000001 0.15513626834381553
14 0.35390625000000003 0.7568134171907758 0.11093750000000001 0.2138364779874214
14 0.30234375 0.6666666666666667 0.08281250000000001 0.15513626834381553
14 0.17265625 0.2578616352201258 0.07968750000000001 0.15513626834381553
