14 0.7765625 0.1695464362850972 0.08750000000000001 0.20518358531317496
14 0.9539062500000001 0.6263498920086393 0.0578125 0.13390928725701945
14 0.47734375 0.28509719222462204 0.0765625 0.13390928725701945
14 0.9078125 0.42008639308855295 0.1 0.17494600431965443
14 0.33828125000000003 0.4632829373650108 0.06406250000000001 0.17494600431965443
14 0.41796875 0.3596112311015119 0.0421875 0.1144708423326134
14 0.8210937500000001 0.1781857451403888 0.07968750000000001 0.183585313174946
14 0.90625 0.8650107991360692 0.07500000000000001 0.14470842332613393
14 0.2609375 0.7257019438444925 0.096875 0.224622030237581
14 0.25859375 0.4654427645788337 0.09843750000000001 0.24406047516198706
