14 0.6468750000000001 0.7649082568807339 0.15625 0.19495412844036697
14 0.73984375 0.5504587155963303 0.09531250000000001 0.23394495412844038
14 0.11015625000000001 0.6215596330275229 0.0859375 0.12385321100917432
14 0.1796875 0.643348623853211 0.084375 0.20412844036697247
14 0.7132812500000001 0.49426605504587157 0.0390625 0.09403669724770643
14 0.8031250000000001 0.11697247706422019 0.053125000000000006 0.12385321100917432
14 0.69296875 0.8795871559633028 0.11093750000000001 0.14449541284403672
14 0.6664062500000001 0.5837155963302753 0.0765625 0.13532110091743121
14 0.30000000000000004 0.8107798165137615 0.09375 0.21330275229357798
14 0.609375 0.7087155963302753 0.07187500000000001 0.1743119266055046
14 0.49453125000000003 0.3795871559633028 0.11093750000000001 0.14449541284403672
