14 0.35546875 0.1415929203539823 0.0546875 0.12389380530973451
14 0.40234375 0.8075221238938053 0.2265625 0.17256637168141592
14 0.5859375 0.23783185840707965 0.109375 0.2234513274336283
14 0.5328125 0.6515486725663717 0.084375 0.1747787610619469
14 0.2625 0.2245575221238938 0.0625 0.13495575221238937
14 0.35468750000000004 0.4358407079646018 0.1375 0.19469026548672566
14 0.07578125000000001 0.27323008849557523 0.0671875 0.13495575221238937
14 0.19375 0.23119469026548672 0.09375 0.1836283185840708
14 0.1625 0.5077433628318584 0.0625 0.14380530973451328
14 0.22265625 0.5243362831858407 0.0671875 0.15486725663716813
14 0.94296875 0.1327433628318584 0.060937500000000006 0.12389380530973451
