14 0.4888888888888889 0.909375 0.09333333333333334 0.115625
14 0.71 0.53828125 0.20666666666666667 0.23593750000000002
14 0.18888888888888888 0.8601562500000001 0.12 0.1765625
14 0.61 0.41250000000000003 0.18888888888888888 0.215625
14 0.1811111111111111 0.3296875 0.14444444444444443 0.09062500000000001
14 0.3655555555555556 0.80859375 0.20222222222222222 0.2265625
14 0.23666666666666666 0.6984375 0.21555555555555556 0.178125
14 0.14777777777777779 0.86640625 0.11777777777777777 0.13593750000000002
14 0.5455555555555556 0.22187500000000002 0.18444444444444444 0.115625
14 0.8266666666666667 0.375 0.14222222222222222 0.153125
14 0.8711111111111111 0.30859375 0.18222222222222223 0.2265625
