14 0.7533039647577093 0.4890625 0.18502202643171808 0.115625
14 0.5473568281938327 0.65390625 0.1563876651982379 0.1765625
14 0.30837004405286345 0.6468750000000001 0.18942731277533043 0.215625
14 0.13986784140969163 0.8453125 0.14757709251101322 0.13125
14 0.8777533039647578 0.7828125 0.16519823788546256 0.19687500000000002
14 0.8843612334801763 0.22187500000000002 0.21365638766519826 0.134375
14 0.23458149779735685 0.5421875 0.20484581497797358 0.12812500000000002
14 0.14757709251101322 0.7000000000000001 0.17180616740088106 0.20625000000000002
14 0.22797356828193835 0.29531250000000003 0.20484581497797358 0.12812500000000002
14 0.5803964757709251 0.23593750000000002 0.16519823788546256 0.19687500000000002
