14 0.11272321428571427 0.56875 0.1450892857142857 0.09062500000000001
14 0.4386160714285714 0.84140625 0.14955357142857142 0.1859375
14 0.7912946428571428 0.6468750000000001 0.10044642857142856 0.115625
14 0.16183035714285712 0.515625 0.10491071428571427 0.065625
14 0.6473214285714285 0.10390625 0.06696428571428571 0.0234375
14 0.3203125 0.37343750000000003 0.18526785714285712 0.153125
14 0.19308035714285712 0.7546875000000001 0.11383928571428571 0.07187500000000001
14 0.6551339285714285 0.16640625 0.15848214285714285 0.1015625
14 0.5669642857142857 0.203125 0.15178571428571427 0.178125
14 0.44754464285714285 0.24375000000000002 0.21651785714285712 0.246875
14 0.7779017857142857 0.8609375 0.19866071428571427 0.215625
